# Bundle file v0.3
20 1490
9.6611606375e+004 -6.9923126196e-004 -1.0375260876e-008
5.6423827928e-001 8.2097996834e-001 -8.7333016595e-002
-7.2069108868e-001 4.3816355770e-001 -5.3723091070e-001
-4.0278967080e-001 3.6606637143e-001 8.3890159900e-001
-4.2101807800e-001 1.0282819838e+000 -1.2265250534e+002
6.1890207927e+003 3.4093452403e-002 1.8551042358e-004
7.9469515674e-002 7.7294040810e-001 6.2948210587e-001
-9.3480470712e-001 -1.6149908236e-001 3.1631978430e-001
3.4615712562e-001 -6.1358061567e-001 7.0971407796e-001
-2.4681235614e+000 -1.2148780314e+000 -1.4148639309e+001
1.0524920082e+003 2.5202969566e-001 -5.0338253107e-001
-9.7915046024e-002 -8.0533297945e-001 -5.8468062733e-001
9.5907802963e-001 -2.3319675982e-001 1.6058830682e-001
-2.6567268742e-001 -5.4503033257e-001 7.9521063860e-001
2.7425709705e+000 1.4668483016e-001 -4.1234131635e+000
1.2799602699e+005 2.8612826299e-003 9.4618914040e-061
-2.6282737574e-001 -6.6942823430e-001 -6.9482919461e-001
7.6538716912e-001 2.9381209025e-001 -5.7258792947e-001
5.8745574464e-001 -6.8230513317e-001 4.3514992054e-001
2.6936237679e+000 1.2094833365e+000 -2.5662190573e+002
3.6578334678e+003 2.3678594274e-001 -3.4742631335e-003
-1.6523555716e-001 -6.8028335877e-001 -7.1408106153e-001
9.4775784340e-001 9.0787915233e-002 -3.0579833997e-001
2.7285945271e-001 -7.2730468597e-001 6.2974249725e-001
2.6958707748e+000 2.6469789950e-001 -9.1768873561e+000
1.8702406354e+003 -1.9926124768e-001 3.3633271688e-002
1.6348791880e-001 7.7295052633e-001 6.1304093196e-001
-8.0454302870e-001 -2.5516642697e-001 5.3628407539e-001
5.7094852253e-001 -5.8089377548e-001 5.8015532939e-001
-2.0273263557e+000 -6.1861899606e-001 -5.6422216220e+000
1.9293212723e+005 -2.2674161018e-004 -8.5554390600e-129
9.0348865210e-002 8.2897243878e-001 5.5194363689e-001
-9.3729081605e-001 2.5811039314e-001 -2.3423268579e-001
-3.3663482989e-001 -4.9616904448e-001 8.0030823475e-001
-2.2569471405e+000 6.3719360326e-001 -4.1946557391e+002
4.3338323213e+003 1.7919176652e-002 -4.3809844891e-006
-7.7871522135e-002 -8.0216083258e-001 -5.9200846676e-001
8.2757847389e-001 2.7910827847e-001 -4.8704459594e-001
5.5592256258e-001 -5.2786036748e-001 6.4211645116e-001
2.2248535143e+000 1.2695334152e+000 6.2174618395e+000
8.9004907863e+002 -3.9276094155e-001 1.8009780732e-001
-2.5651598117e-001 6.5590451748e-001 7.0992169663e-001
-4.9845199077e-001 5.3952039230e-001 -6.7857450526e-001
-8.2809731572e-001 -5.2792708799e-001 1.8854130970e-001
-2.7015604719e+000 1.3335410640e+000 -1.7115636425e+000
3.6392779884e+003 8.5339379035e-002 9.6058238141e-003
1.5527958905e-001 9.0419537994e-001 3.9789315668e-001
-8.6352004336e-001 3.1986812991e-001 -3.8989423462e-001
-4.7981390554e-001 -2.8304609938e-001 8.3045982544e-001
-1.9668123398e+000 8.6613838089e-001 -6.8145370521e+000
5.7415616508e+005 -2.4107646655e-004 2.4045024695e-314
-9.2776731447e-001 -1.0864546103e-001 3.5699296070e-001
-2.0335320053e-001 -6.5494182553e-001 -7.2780401277e-001
3.1288222389e-001 -7.4782843552e-001 5.8554021638e-001
-7.1383395533e-001 2.6930653005e+000 -1.3511180804e+003
3.1037211496e+003 3.3198690800e-001 5.5846939209e-002
-9.5197760144e-001 -5.0211418350e-002 3.0202228366e-001
1.4492971489e-002 -9.9274495069e-001 -1.1936254292e-001
3.0582445968e-001 -1.0925326697e-001 9.4579866965e-001
-7.6545041898e-001 2.1851347215e+000 -9.7907569647e+000
2.1136578274e+003 -4.8254823853e-001 -1.8873091262e-002
-9.1779429790e-001 -2.7079348742e-002 3.9613171499e-001
1.2350755710e-001 -9.6764836876e-001 2.2000572214e-001
3.7735859615e-001 2.5084525770e-001 8.9144665943e-001
-1.0216087968e+000 1.0225929253e+000 -7.6191542329e+000
0 0 0
0 0 0
0 0 0
0 0 0
0 0 0
0 0 0
0 0 0
0 0 0
0 0 0
0 0 0
-1.7502174471e+003 -2.7895340767e-001 2.7276933113e-003
9.6450309348e-001 5.9855266074e-002 -2.5719861933e-001
2.1181631329e-002 9.5329928088e-001 3.0128361983e-001
2.6322067008e-001 -2.9603686967e-001 9.1819227324e-001
6.3499220630e-001 -1.2392458268e+000 2.2537055513e+000
-1.6861544383e+003 5.7489667119e-002 -7.1003390847e-002
9.6431535325e-001 1.1401481065e-001 -2.3894878623e-001
-1.6094071277e-001 9.6906542988e-001 -1.8711034069e-001
2.1022365818e-001 2.1888996225e-001 9.5283429722e-001
7.3382270546e-001 -1.7271973293e-001 1.1280037514e+000
1.5529484915e+003 -6.8619792558e-002 4.2925830299e-002
9.2853539723e-001 1.8323249670e-001 -3.2287438463e-001
2.8176400097e-001 2.1845672051e-001 9.3428352711e-001
2.4172518250e-001 -9.5848970439e-001 1.5121647637e-001
8.9875060516e-001 -3.0202952795e+000 -3.6456640448e+000
1.5041862671e+003 -7.3160610010e-002 2.9169088891e-002
9.2871132935e-001 2.0147276014e-001 -3.1129406301e-001
2.8168603940e-001 1.6261650249e-001 9.4562616732e-001
2.4113946576e-001 -9.6590092662e-001 9.4271724350e-002
9.7334369126e-001 -2.7670138775e+000 -2.9978375832e+000
0 0 0
0 0 0
0 0 0
0 0 0
0 0 0
-4.9854983660e-001 6.6175103593e-001 2.3599681711e+000
46 48 37
14 15 249 -177.2900 39.7500 16 373 -116.6400 57.0500 4 216 285.4600 -383.0100 5 364 -56.5800 328.1799 10 286 219.9700 273.9900 11 343 154.4200 495.4299 3 195 374.0100 -164.2400 6 413 -205.3300 334.0500 2 271 381.3000 -48.6900 7 363 -204.6100 65.3300 8 287 -313.0900 224.4500 9 292 -386.5600 445.3400 0 268 -298.9800 330.9200 1 462 -241.8000 -52.6200
-5.0344556793e-001 5.9257054595e-001 2.3107660671e+000
50 49 45
14 15 333 -176.7300 5.3200 16 363 -119.2000 26.5400 4 214 323.0500 -381.5300 5 361 -88.2400 326.5601 10 430 216.4800 308.0400 11 350 149.9301 523.7700 3 297 416.5900 -161.4000 6 628 -243.1000 333.9000 2 434 418.6400 -47.5900 7 364 -255.2000 66.1900 8 377 -367.8300 225.1300 9 294 -448.5400 444.6100 0 270 -343.5600 331.0400 1 464 -281.5200 -52.5300
-5.2990516102e-001 5.8153803227e-001 2.3012691204e+000
125 112 95
13 15 240 -188.3800 -2.5700 16 361 -132.0000 21.9700 4 209 330.5300 -392.9301 5 373 -94.9900 335.5300 10 297 227.3101 315.9200 11 354 159.1700 528.9399 3 192 427.5900 -174.3700 6 633 -250.3800 343.1799 2 265 429.2700 -56.8800 7 370 -267.5700 79.5800 8 292 -381.4900 241.8200 0 275 -353.8000 344.0100 1 470 -290.0200 -41.6900
-4.8596435720e-001 7.3115249292e-001 2.4081341141e+000
43 43 38
13 15 350 -173.3400 74.2200 16 537 -108.3400 85.5400 4 358 247.9500 -380.0200 5 528 -24.6200 326.5100 10 410 218.7400 238.9800 11 339 154.2000 466.8500 3 294 330.5800 -162.0700 6 624 -167.4600 331.9800 2 436 343.8900 -46.9800 7 469 -152.4400 62.6300 8 375 -257.0100 220.2500 9 288 -323.4800 440.8300 0 340 -253.5900 327.8201
-4.8987800139e-001 7.0006683016e-001 2.3896588393e+000
56 47 42
10 15 518 -173.7600 59.0100 16 1121 -109.7800 72.3100 5 529 -38.6500 326.4500 10 575 217.7800 254.5800 6 626 -183.8200 332.7900 7 471 -174.4400 63.4400 8 542 -280.9300 220.5700 9 414 -350.8000 441.6100 0 342 -273.0900 328.3101 1 606 -218.2100 -54.4500
-4.8977840356e-001 7.0012370127e-001 2.3879191873e+000
56 47 42
13 15 519 -173.7600 59.0100 16 1122 -109.7800 72.3100 4 357 264.5200 -380.3600 5 530 -38.6500 326.4500 10 574 217.7800 254.5800 3 293 349.7200 -162.3800 6 627 -183.8200 332.7900 2 435 359.9100 -47.1600 7 472 -174.4400 63.4400 8 543 -280.9300 220.5700 9 415 -350.8000 441.6100 0 343 -273.0900 328.3101 1 607 -218.2100 -54.4500
-5.2162350240e-001 5.0759414539e-001 2.2473967623e+000
127 113 94
10 15 321 -182.7600 -38.1300 16 520 -129.3900 -7.8000 4 349 369.2800 -386.2200 5 532 -129.3500 329.8400 10 441 219.2700 351.0800 11 369 151.0100 556.1799 3 292 470.9500 -165.3800 8 379 -437.0200 233.0600 9 299 -524.8300 452.7000 0 345 -397.3000 336.8500
-5.3429812332e-001 5.4198583159e-001 2.2711830715e+000
126 114 93
14 15 328 -188.6300 -22.6100 16 523 -135.5600 5.6700 4 346 352.1500 -392.5800 5 535 -113.9300 334.2500 10 435 226.0800 335.7100 11 547 158.0900 544.2100 3 287 452.3500 -173.5700 6 630 -274.5700 342.0900 2 427 450.8300 -56.4400 7 479 -297.9900 80.2200 8 382 -412.9800 243.1600 9 423 -497.9700 465.7300 0 347 -378.4800 345.6000 1 612 -313.7100 -41.6000
-5.4551858352e-001 7.3641133311e-001 2.4123465366e+000
49 50 44
11 15 351 -199.2300 74.5000 16 538 -138.4700 86.8600 5 377 -24.6100 346.0800 10 411 244.3700 239.3100 11 340 178.8700 467.4700 3 282 333.7200 -191.2400 6 638 -166.3700 349.6000 2 417 346.7500 -67.2900 7 375 -153.1400 91.1700 8 390 -258.1400 257.4400 9 305 -323.7300 487.4100
-5.5972418912e-001 6.2377750668e-001 2.3320526274e+000
49 46 37
12 15 495 -201.8200 18.6200 16 1104 -147.7400 40.6800 4 495 307.7800 -407.1600 5 770 -76.0300 346.1200 10 598 242.4000 295.3000 11 721 175.1400 512.5300 3 425 403.2600 -190.5700 2 592 408.3900 -67.5800 7 489 -237.9500 93.0300 8 567 -349.3100 260.8400 9 449 -426.2400 488.6400 1 623 -266.4000 -29.9100
-5.6170250393e-001 5.9803947824e-001 2.3132960133e+000
44 45 38
11 15 334 -201.5200 5.9200 16 750 -148.4700 29.6500 4 332 321.5200 -406.6200 5 551 -87.6300 345.4399 10 602 241.0400 307.8900 11 543 173.0601 522.9399 3 426 418.9500 -189.7200 7 490 -256.7200 93.0100 8 391 -370.0400 260.6300 9 450 -449.8900 488.5800 1 476 -282.1900 -30.6700
-4.7991424568e-001 7.6904029288e-001 2.4368723164e+000
49 39 33
13 15 534 -172.3200 92.3800 16 780 -106.4900 97.9900 4 525 227.6200 -379.4500 5 741 -7.5700 326.0800 10 549 219.0900 220.6300 11 506 155.2500 453.5100 3 451 307.8600 -161.5400 6 1098 -144.6000 330.0200 7 945 -121.5900 60.4800 8 784 -224.8200 217.8300 9 645 -287.6900 438.8400 0 483 -228.6900 326.2900 1 822 -177.7300 -55.8200
-4.9592894965e-001 6.1952906201e-001 2.3294283403e+000
47 43 34
13 15 494 -174.4600 18.7700 16 1103 -114.2400 39.5600 4 523 308.2400 -379.5500 5 739 -76.1500 325.0601 10 597 215.5601 294.9200 11 720 148.8700 511.9900 3 452 399.7100 -160.2600 6 814 -229.2400 332.6700 7 473 -234.8200 63.9800 8 544 -345.7300 221.8800 9 416 -423.2700 441.1700 0 485 -324.6300 328.4100 1 608 -265.1500 -54.7200
-4.9846049183e-001 7.4587682838e-001 2.4181917373e+000
123 109 86
13 15 353 -179.5800 80.9600 16 774 -114.9100 90.8300 4 350 240.6200 -386.5100 5 533 -18.2400 331.2900 10 409 225.3800 232.3100 11 521 160.8700 461.9700 3 443 323.1600 -169.4300 2 611 337.3101 -51.7700 7 676 -143.2800 68.9500 8 547 -247.0500 228.4200 9 418 -312.2400 451.4700 0 488 -245.6600 334.7300 1 825 -193.2800 -49.1600
-5.1225043251e-001 8.6266805693e-001 2.5008856004e+000
131 113 95
14 15 372 -189.2200 135.6200 16 799 -121.4600 133.3100 4 340 179.7500 -398.3800 5 543 33.6600 341.0500 10 390 239.9301 175.7200 11 486 176.6801 416.5400 3 431 254.4500 -184.0500 6 825 -96.6100 343.0800 7 478 -57.4200 79.9200 8 553 -155.5700 242.0000 9 427 -209.2600 470.3400 0 494 -173.2400 346.5000 1 831 -126.7100 -39.5500 12 553 164.1100 265.8200
-4.7338867192e-001 8.3463761771e-001 2.4831306869e+000
50 45 37
13 15 702 -171.1500 124.7700 16 1607 -102.2300 123.9700 4 694 192.1000 -379.2100 5 986 23.2700 326.2700 10 737 220.6000 187.0800 11 897 157.5000 425.5500 3 643 266.8600 -162.5700 2 808 286.4600 -46.5100 7 669 -73.4800 59.6500 8 779 -173.2300 215.8600 9 641 -228.9000 437.5500 0 696 -187.3300 324.9500 1 818 -140.2000 -56.1100
-4.8896510039e-001 9.0796994024e-001 2.5331502072e+000
116 101 80
15 15 570 -180.0100 158.6500 16 1148 -109.4200 150.2800 4 513 154.0601 -389.4800 5 753 55.4301 334.8500 10 514 232.2800 151.4400 11 679 170.2400 396.8300 3 441 224.5400 -174.7600 6 818 -70.5700 336.5000 2 608 249.8199 -54.9100 7 678 -21.7300 70.8900 8 549 -117.4400 229.7600 9 650 -165.7200 455.3800 0 701 -143.2900 335.7200 1 827 -99.8000 -48.1800 12 857 159.3800 252.7300
-5.2069966699e-001 9.2713366433e-001 2.5435248781e+000
61 48 34
12 15 963 -194.1700 165.0600 16 1631 -124.8300 155.2000 4 837 147.0500 -404.5400 5 1383 61.0200 346.2600 10 865 247.2600 145.0800 11 868 184.7100 392.2800 3 820 217.4399 -191.7600 2 1367 243.2100 -67.1100 8 1123 -106.3200 250.0500 9 1315 -153.3400 480.9299 0 704 -134.2800 352.7600 1 1121 -91.1400 -34.5900
-5.2546115558e-001 8.7107607027e-001 2.5038676378e+000
48 38 25
12 15 1351 -194.6900 138.3600 16 2287 -127.8000 135.7100 4 839 176.7700 -404.1600 5 1381 36.2200 345.5100 10 1071 245.5200 173.2500 11 1097 181.9100 414.7200 3 1035 251.9600 -190.8400 2 1369 273.5200 -66.5900 8 1567 -151.2800 250.9300 9 1317 -203.8900 481.1600 0 957 -170.2600 353.2100 1 1490 -124.0500 -34.2600
-5.3302533103e-001 8.5744146311e-001 2.4909857373e+000
40 33 21
12 15 1341 -197.8500 131.3600 16 2278 -131.6700 130.0600 4 835 184.6500 -407.2500 5 1386 28.9700 347.6600 10 1088 248.0900 180.6900 11 1106 184.2000 421.1799 2 1359 282.4100 -69.2400 7 1281 -63.6200 90.9600 8 1129 -163.4900 255.8800 9 977 -218.2200 487.1899 0 959 -179.5100 357.3300 1 1492 -131.9900 -31.0000
2.0125167314e-001 6.4663510460e-001 2.0657112447e+000
64 52 35
7 15 879 147.5601 4.5500 16 2149 261.8101 17.5200 4 944 331.3700 -50.9300 10 960 -101.2200 309.1700 11 1191 -146.4100 520.9600 3 1182 381.4000 186.1200 0 1029 30.8199 47.6000
1.8417759067e-001 6.7616743436e-001 2.0930814429e+000
58 44 31
6 15 1232 136.9800 20.1700 16 2171 248.4500 31.0700 4 917 313.9399 -61.3000 5 1231 -77.0300 72.8600 10 1196 -90.6700 293.4900 11 1178 -136.6600 508.3500
2.2779957373e-001 8.9858802156e-001 2.2460075959e+000
62 53 36
6 15 1909 140.0000 128.7000 16 3416 246.8199 117.9800 4 1269 194.0300 -54.3900 10 1096 -95.1100 181.7100 11 1485 -141.1200 418.5000 6 1784 -117.2100 56.4100
-4.8433304081e-001 8.5523897084e-001 2.4884986397e+000
43 33 21
9 15 1343 -176.8200 131.7300 16 2277 -108.2300 129.4200 4 1116 184.2000 -385.2400 5 1941 29.7700 331.1300 10 1087 226.7000 179.7600 11 1103 164.0400 419.9700 3 1049 258.5100 -169.0700 6 3185 -100.1500 333.3101 2 1987 279.0699 -50.9800
1.8396305694e-001 7.0783234145e-001 2.1114542783e+000
49 36 17
5 15 1246 135.4301 35.2100 16 2185 246.5699 43.3100 4 1256 297.6500 -61.8100 10 1184 -89.5800 278.5701 0 1419 62.3500 58.1200
-5.5105475591e-001 7.0528395528e-001 2.3885225294e+000
58 51 45
11 15 516 -200.1600 58.8500 16 1123 -141.9800 73.4300 4 497 264.4600 -406.7700 5 549 -39.0200 345.6600 10 577 243.7600 255.1900 11 700 178.0300 480.9000 3 423 353.1400 -190.9200 7 486 -176.4900 91.5500 8 564 -283.6300 258.5400 9 446 -353.2100 487.9100 1 622 -218.8500 -30.9000
-4.7177644090e-001 8.6938813262e-001 2.5044392261e+000
53 39 26
13 15 705 -171.8200 139.7800 16 1609 -101.1800 135.3500 4 690 174.9600 -382.8500 5 750 37.8101 328.2600 10 729 222.6400 171.1000 11 886 159.2500 412.7500 3 641 247.6200 -164.8700 6 1101 -91.3700 330.6400 2 801 269.4301 -47.9600 7 675 -49.7000 61.0600 8 783 -147.9300 217.9600 9 644 -200.3800 439.8700 1 821 -122.0200 -55.0700
2.0364071104e-001 8.5504424438e-001 2.2147580049e+000
53 40 30
8 15 925 133.6200 106.9100 16 1588 240.7900 101.2100 4 919 218.6100 -61.7500 5 1234 9.1400 74.2100 10 912 -88.3300 204.9400 3 1477 263.0300 171.5500 6 1287 -145.2900 64.6200 12 1385 -138.5300 271.3600
-5.3959355991e-001 8.2878485951e-001 2.4753137839e+000
48 39 32
11 15 932 -198.4400 118.6600 16 1606 -133.4700 120.7900 4 834 198.7100 -407.5800 5 1387 17.1800 347.7000 10 904 247.6400 194.0600 3 1032 277.7000 -193.8700 2 1363 296.6100 -69.1600 7 1283 -83.8500 91.1900 8 1573 -184.2800 256.2300 9 1319 -241.1100 487.3000 1 1493 -147.4800 -30.6900
-5.4189530357e-001 7.9710695605e-001 2.4533248157e+000
46 37 23
11 15 1310 -198.7400 103.5400 16 2245 -135.0600 108.9400 4 1079 215.5699 -407.1801 5 1977 2.9100 347.2300 11 1126 181.6400 444.1100 3 1287 296.7800 -193.2300 2 1362 313.2300 -69.0600 7 1723 -107.2100 91.3800 8 1575 -209.2800 256.6800 9 1320 -269.4500 487.3500 1 1495 -165.5500 -30.6200
-1.4180489370e-001 9.7955796314e-001 2.4533460621e+000
53 52 47
9 15 37 -29.7800 179.3700 16 53 56.1000 151.5800 5 48 81.2300 212.6300 10 38 80.2100 126.6400 11 51 25.9800 376.8000 3 42 184.8400 -3.8500 6 37 -43.9200 211.8700 2 84 209.5300 68.2500 12 45 21.4301 241.6300
-2.5061838950e-001 7.6998841845e-001 2.3275063415e+000
130 113 95
9 15 50 -67.5000 79.9700 16 95 12.6500 84.8200 4 53 242.9900 -270.6300 5 61 -17.4900 242.7200 10 61 113.5400 231.7200 11 94 55.1100 460.2900 3 69 311.8800 -41.9900 6 108 -161.7500 245.6300 2 103 322.0800 40.1000
-3.3695545458e-001 1.0133386114e+000 2.5438651735e+000
53 49 44
10 15 188 -116.1800 199.9800 16 391 -35.7700 177.9600 4 97 107.1200 -324.3500 5 131 98.1200 285.8800 10 167 170.3300 105.2600 11 150 111.9900 357.2800 3 128 165.4900 -103.4400 6 252 -21.0200 286.3500 2 178 195.9900 -3.2200 12 246 106.0800 225.6400
-3.3740294376e-001 1.0135693320e+000 2.5438945538e+000
53 49 44
9 15 187 -116.1800 199.9800 16 390 -35.7700 177.9600 4 98 107.1200 -324.3500 5 132 98.1200 285.8800 10 168 170.3300 105.2600 11 151 111.9900 357.2800 3 129 165.4900 -103.4400 6 253 -21.0200 286.3500 2 179 195.9900 -3.2200
-3.2399602079e-001 5.8321314458e-001 2.2084587242e+000
124 110 89
8 15 109 -92.0800 -10.6500 16 188 -23.5600 15.3200 5 196 -105.1900 256.3300 10 188 130.3300 324.5500 11 164 73.2300 533.0601 3 138 425.6100 -64.3700 6 244 -271.3500 266.1200 2 184 422.1600 23.9500
-1.3891475157e-001 8.0551461935e-001 2.3165360412e+000
49 50 44
9 15 122 -19.1400 96.0200 16 136 65.8199 90.3200 4 114 226.2700 -220.6400 5 119 -2.3300 203.6500 11 116 10.5300 448.6400 3 156 288.8101 11.0200 6 170 -147.8800 204.8500 2 196 300.6500 78.2300 12 106 0.3200 285.6600
2.9816356132e-001 7.4011607481e-001 2.1045504864e+000
140 133 117
8 15 117 183.9700 49.1200 16 190 302.1801 53.4400 4 126 283.6300 -11.7500 5 112 -48.8100 31.1900 10 133 -137.7700 264.1200 11 162 -180.7900 484.6200 3 170 326.9100 221.1400 2 207 326.2400 221.9800
-3.2269443357e-001 1.2644888894e+000 2.7275636633e+000
44 44 35
7 15 415 -121.1200 314.5200 16 830 -36.5400 259.1100 10 344 182.8700 -23.4300 11 283 128.1600 248.9700 3 304 16.5100 -113.6800 6 404 117.2800 285.5400 2 274 65.5900 -6.6800
-3.1164323990e-001 9.9675482897e-001 2.5214599826e+000
129 114 94
9 15 276 -104.6000 191.5000 16 812 -26.5300 171.4300 4 241 117.3101 -310.4900 5 333 89.8600 274.9299 10 252 157.4900 114.5700 11 312 100.0000 364.9600 3 212 175.8800 -88.7100 6 393 -31.8000 274.5800 2 289 204.7400 8.2800
-3.3383402690e-001 7.5510057863e-001 2.3494678576e+000
46 46 39
8 15 252 -105.4100 76.5900 16 376 -31.1300 84.9200 4 242 246.3600 -309.2100 5 330 -21.9100 272.0701 10 281 150.5400 235.9700 11 338 90.6899 463.9900 3 219 320.4100 -82.9500 2 291 331.3900 12.1700
-2.6852232474e-001 9.6289338045e-001 2.4765742490e+000
128 113 91
10 15 382 -83.9600 173.5100 16 808 -0.7300 157.0300 4 256 138.0900 -288.8900 5 323 72.6300 258.0600 10 257 135.2400 133.8500 11 319 77.4000 380.8300 3 354 197.1700 -65.2000 6 381 -53.0400 259.7100 2 308 222.7500 23.5200 12 545 69.6100 239.8700
-2.6894429605e-001 9.6279795177e-001 2.4769832775e+000
128 113 91
9 15 383 -83.9600 173.5100 16 809 -0.7300 157.0300 4 257 138.0900 -288.8900 5 322 72.6300 258.0600 10 256 135.2400 133.8500 11 318 77.4000 380.8300 3 355 197.1700 -65.2000 6 380 -53.0400 259.7100 2 309 222.7500 23.5200
-2.7921302334e-001 7.7946217136e-001 2.3469611792e+000
128 111 90
8 15 358 -81.5400 86.8700 16 540 -5.3500 90.9000 4 266 235.7400 -284.4000 10 279 127.0900 225.7400 11 335 69.5100 455.6700 3 361 304.9800 -56.3800 6 371 -157.0800 254.9700 2 316 317.3800 31.1400
-2.5797229869e-001 9.2982894958e-001 2.4524762976e+000
52 48 41
8 15 182 -78.3600 158.7000 16 268 1.2100 145.1000 4 102 155.4700 -282.4399 10 118 128.5601 150.4200 11 153 71.7600 394.6700 3 142 215.8700 -56.9700 2 318 237.1801 31.2500 12 163 64.6801 249.9800
-2.4501868060e-001 9.7559304296e-001 2.4758689608e+000
50 50 43
9 15 274 -73.7800 178.3200 16 568 9.3800 159.6000 4 173 132.5500 -278.0800 5 192 78.0100 249.9700 10 377 123.7300 132.3300 11 215 67.8500 377.1400 3 241 190.0800 -53.1900 6 367 -44.4200 251.7400 2 319 214.7300 31.7500
-2.8537524747e-001 5.9145115193e-001 2.2147155016e+000
47 46 40
6 15 238 -75.4700 -5.8800 16 355 -0.4100 13.0900 4 273 336.0900 -278.8000 5 305 -98.6800 247.8300 11 357 56.6400 530.8300 2 321 412.0601 33.4900
-2.3813179839e-001 1.0186203684e+000 2.5066222988e+000
42 41 37
9 15 279 -72.8900 198.4600 16 572 10.7500 175.1700 4 277 109.8101 -277.1200 5 309 97.4700 249.3200 10 247 124.8400 106.9300 11 310 68.5200 358.5300 3 242 164.7900 -53.0400 6 365 -21.9900 249.3600 2 323 193.6000 32.8300
-2.9225523604e-001 5.6686375389e-001 2.1868931277e+000
44 48 42
9 15 233 -76.6100 -20.3400 16 259 -1.8500 5.0700 4 272 351.4500 -279.2000 5 306 -112.6900 247.7800 10 302 117.1500 331.9700 11 244 56.2900 539.3300 3 243 434.6600 -47.4600 6 372 -282.8500 256.0100 2 326 429.9800 35.0100
-5.5425405587e-001 6.7310046100e-001 2.3703855614e+000
49 47 39
11 15 510 -200.5800 43.7400 16 758 -143.6800 61.1700 4 333 280.8101 -406.3101 5 550 -53.0200 345.7100 10 584 243.2100 270.3900 11 712 176.9200 492.9800 3 280 371.9700 -190.1900 2 419 380.4800 -66.7700 8 565 -307.8700 258.7200 9 447 -380.1400 487.4399 12 1416 154.2300 313.1500
-5.5079457712e-001 7.0414698751e-001 2.3932270534e+000
58 51 45
9 15 517 -200.1600 58.8500 16 1124 -141.9800 73.4300 4 496 264.4600 -406.7700 5 548 -39.0200 345.6600 10 576 243.7600 255.1900 11 699 178.0300 480.9000 3 422 353.1400 -190.9200 2 421 363.5900 -66.8100 9 445 -353.2100 487.9100
-4.7935375022e-001 8.3902863500e-001 2.4787127082e+000
49 46 39
8 15 370 -174.5600 124.6600 16 554 -107.5700 124.3700 5 365 23.2200 329.2600 11 327 161.3300 425.9100 3 290 267.2000 -166.7800 6 622 -109.2000 331.7700 2 430 286.5400 -49.1000 9 289 -228.8900 442.9200
-4.7949449024e-001 8.3878033849e-001 2.4792398707e+000
49 46 39
9 15 371 -174.5600 124.6600 16 555 -107.5700 124.3700 5 366 23.2200 329.2600 11 326 161.3300 425.9100 3 291 267.2000 -166.7800 6 623 -109.2000 331.7700 2 431 286.5400 -49.1000 9 290 -228.8900 442.9200 12 559 147.6500 271.6799
-3.9527127694e-001 6.3298117009e-001 2.2826557577e+000
51 49 43
9 15 340 -127.6600 18.4900 16 531 -60.8300 37.5300 4 372 309.5400 -331.6200 5 510 -76.6000 288.7800 10 424 169.5601 294.9600 11 540 107.0601 511.2900 3 315 394.6400 -105.9100 6 617 -233.7900 294.8600 2 458 397.3300 -5.4200
-3.4952986381e-001 7.3436297906e-001 2.3406318634e+000
127 112 87
9 15 349 -110.8400 66.8800 16 536 -38.2900 75.4900 4 392 256.6000 -315.4200 5 495 -30.7900 276.9200 10 413 155.9399 245.8000 11 524 94.8700 472.6400 3 332 332.7400 -89.5400 6 594 -177.7800 281.2600 2 475 341.9800 5.2300
-3.1912622515e-001 9.6000556279e-001 2.4985045564e+000
127 110 92
9 15 573 -107.1000 174.7600 16 1150 -29.4100 159.0800 4 395 136.3000 -312.6200 5 494 73.3000 276.2000 10 375 158.5300 132.7100 11 473 101.2200 380.0500 3 494 197.3000 -90.0700 6 589 -51.6500 275.2400 2 478 223.4100 7.6700
-3.5267161159e-001 5.9405782447e-001 2.2378145039e+000
49 43 40
9 15 331 -106.3700 -2.7600 16 358 -37.4900 17.3100 4 408 331.8300 -309.7300 5 473 -95.6700 271.7000 10 433 147.5400 315.9100 11 356 85.3600 528.8101 3 335 418.4399 -81.0000 6 793 -256.8300 278.6700 2 480 416.0000 11.6300
-3.5267161159e-001 5.9405782447e-001 2.2378145039e+000
49 43 40
9 15 330 -106.3700 -2.7600 16 357 -37.4900 17.3100 4 409 331.8300 -309.7300 5 472 -95.6700 271.7000 10 432 147.5400 315.9100 11 355 85.3600 528.8101 3 336 418.4399 -81.0000 6 792 -256.8300 278.6700 2 481 416.0000 11.6300
-2.9733734832e-001 8.4180139053e-001 2.3983470522e+000
48 47 37
9 15 260 -91.8000 116.9400 16 550 -12.9200 114.1100 4 251 201.4000 -296.2800 5 327 17.2900 262.5100 10 268 139.5800 194.5000 11 330 80.0000 430.7700 3 345 268.4301 -70.2200 6 387 -119.6200 267.0500 2 487 285.3500 19.7000
-3.2212477189e-001 6.2819017316e-001 2.2435765912e+000
49 48 42
10 15 338 -92.4900 11.6500 16 365 -20.9800 33.7200 4 250 316.2500 -296.7700 5 656 -84.3200 260.4100 10 426 134.9399 301.1600 11 347 74.6200 515.0701 3 349 397.6000 -66.9000 6 782 -246.3000 266.8300 2 489 398.8500 21.6300 12 380 55.3900 322.9900
-3.0558097467e-001 7.3796622264e-001 2.3240231109e+000
131 114 94
9 15 348 -90.5400 66.8300 16 765 -14.7000 75.2700 4 422 257.2800 -294.3900 5 326 -30.9800 261.5500 10 415 135.8101 245.8700 11 526 75.5400 472.2100 3 350 330.7900 -67.4600 6 580 -179.6600 265.8400 2 490 339.7000 21.0600
-5.1178590409e-001 5.6723998001e-001 2.2826942006e+000
133 118 97
8 15 489 -178.7100 -10.0800 16 1094 -121.4600 15.7800 4 514 338.7300 -383.3000 5 531 -102.4700 327.3000 10 606 217.3500 323.1600 3 447 435.5300 -163.0700 6 816 -261.0200 335.2500 2 614 435.8400 -49.2000
-3.9452661084e-001 5.8583514765e-001 2.2484410411e+000
50 47 40
8 15 329 -125.4000 -5.6800 16 356 -59.8700 16.2700 5 506 -98.0800 286.4600 10 434 165.9700 318.5800 11 358 102.4100 531.2900 3 322 423.0400 -102.1700 6 811 -258.8200 293.7300 2 627 420.9200 -3.8300
-2.8861032084e-001 6.2849552625e-001 2.2303375074e+000
48 47 43
9 15 337 -77.4600 11.2500 16 364 -3.2000 33.0700 4 446 318.3700 -280.4301 5 446 -84.3900 249.0600 10 427 119.9200 302.0500 11 348 60.2800 515.4800 3 564 397.9700 -49.3800 6 768 -248.5000 255.0700 2 679 398.0100 34.5700
2.3836849324e-001 1.9016545368e+000 2.9958118793e+000
45 41 31
8 15 631 81.2300 557.6700 16 1215 172.8700 406.3201 4 461 -329.4200 -107.3900 5 287 498.1801 119.8800 10 325 -32.4400 -333.7500 11 261 -79.7100 -24.9700 2 694 -210.9200 154.1100 12 210 -52.2300 -63.5100
-3.7910436704e-001 6.9498898508e-001 2.3221555320e+000
124 109 89
8 15 689 -122.5100 48.6800 16 1111 -52.6100 62.4200 4 703 276.9800 -327.1100 5 726 -48.2900 285.5400 10 752 166.4000 264.4900 11 708 104.4700 487.0200 6 1087 -199.7700 290.9500 2 821 364.0601 -3.0100
-3.6847166498e-001 6.3583208107e-001 2.2734571902e+000
119 114 97
9 15 685 -115.1900 18.3800 16 1547 -45.8900 36.8400 4 719 309.4700 -319.0699 5 957 -76.5800 279.1100 10 761 157.5800 294.5800 11 925 94.8400 511.3700 3 674 392.5601 -92.3200 6 1083 -233.5400 285.9000 2 842 394.8800 3.3800
-3.6518471226e-001 6.6327276256e-001 2.2923295960e+000
47 44 38
9 15 501 -114.9400 32.2700 16 756 -45.4100 48.5500 4 548 294.8600 -318.7400 5 710 -63.9400 279.0300 10 591 158.0100 280.9200 11 535 96.0699 500.4500 3 487 376.1801 -92.3200 6 1079 -218.9400 284.7500 2 844 380.0601 3.7800
-3.2677123085e-001 8.7262861876e-001 2.4326871684e+000
53 53 45
9 15 557 -106.1200 133.0200 16 798 -29.8700 129.0400 4 566 183.9600 -311.2300 5 695 32.3000 274.6500 10 529 155.2700 177.3100 11 488 96.3800 416.3500 3 504 250.0300 -87.5100 6 1056 -102.2700 276.5800 2 855 270.1801 8.2800
-3.2051401556e-001 9.1581473463e-001 2.4662952373e+000
61 57 48
8 15 569 -105.4700 153.9500 16 802 -27.9500 142.3600 4 398 160.5601 -311.0601 10 516 156.0601 154.9500 11 481 97.5000 399.3700 3 505 223.7900 -87.8200 6 1052 -74.8300 275.7300 2 856 245.8400 8.1600
-3.2051401556e-001 9.1581473463e-001 2.4662952373e+000
61 57 48
8 15 568 -105.4700 153.9500 16 801 -27.9500 142.3600 4 399 160.5601 -311.0601 10 515 156.0601 154.9500 11 480 97.5000 399.3700 3 506 223.7900 -87.8200 6 1051 -74.8300 275.7300 2 857 245.8400 8.1600
-2.6422648185e-001 1.3720884258e+000 2.7861692816e+000
57 47 41
10 15 765 -99.4300 359.1000 16 1195 -11.5000 286.1400 4 574 -80.6200 -308.0699 5 699 261.4800 275.7200 10 470 162.9500 -77.3900 11 413 109.9800 202.5300 3 676 -44.6200 -91.1700 6 1034 175.7200 269.1400 2 860 11.7500 8.2500 12 501 124.8000 119.3600
-3.3465972686e-001 6.5042193524e-001 2.2700905507e+000
133 121 104
9 15 688 -100.2700 24.4700 16 1105 -27.9400 41.3900 4 582 303.4600 -303.9700 5 679 -71.1000 267.5300 10 760 143.0200 288.8101 11 719 81.8199 506.4299 3 698 383.6899 -75.5600 6 1049 -227.7200 273.9100 2 868 386.5500 15.4900
-3.0406707433e-001 6.1790539295e-001 2.2325566530e+000
137 124 105
9 15 682 -84.6300 6.9100 16 748 -11.1800 27.2600 4 741 322.9399 -287.7100 5 939 -87.7600 254.6100 10 764 126.7800 305.9500 11 930 65.9900 520.1400 3 710 403.1500 -57.5400 6 1019 -250.4500 261.4800 2 896 402.6300 29.0900
1.9936634987e-001 6.9238120592e-001 2.1078656196e+000
137 124 102
7 15 498 141.4500 28.6800 16 752 252.9800 36.3900 4 632 304.8600 -56.3500 10 594 -95.1900 285.0300 11 717 -140.8800 502.3700 3 757 354.4500 179.5100 2 1213 349.6200 193.7400
-1.6301804827e-001 7.3298977606e-001 2.2700403080e+000
63 58 47
6 15 905 -26.2800 60.7900 16 1570 58.0300 69.1900 5 913 -36.7700 208.9000 10 934 71.6100 252.1500 11 915 15.7300 477.0000 2 1549 339.0200 73.9700
-1.4939721046e-001 8.9432401498e-001 2.3641870987e+000
127 118 105
8 15 1921 -23.7400 135.1900 16 2269 62.5300 127.4700 4 1221 183.0100 -225.4000 10 1077 71.9100 174.8100 11 1475 17.1800 414.1899 6 1874 -100.8700 218.0300 2 2117 260.0200 65.3900 12 2172 10.1400 259.5800
3.2664214771e-001 9.7263576562e-001 2.2636506291e+000
139 125 112
6 15 77 180.9200 161.9000 16 96 291.2900 140.0200 4 75 157.5601 -10.2600 10 75 -137.4900 146.9500 11 88 -181.6700 389.3500 3 99 194.8101 218.1200
-3.3169307910e-001 1.0757320176e+000 2.5886165164e+000
43 43 35
7 15 191 -116.9600 228.3400 16 271 -34.4000 198.6300 4 100 74.5601 -324.9100 10 111 173.0500 74.1700 11 147 114.8101 331.1100 3 126 129.1500 -105.4200 12 160 112.6300 207.5200
-3.6707924888e-001 6.8034410118e-001 2.3076574437e+000
50 46 43
7 15 172 -116.8300 40.9000 16 262 -45.7000 55.2200 4 157 285.1200 -321.5000 10 185 160.7000 272.1500 11 237 98.0900 493.3900 3 130 365.6200 -96.6600 12 259 79.9399 310.1000
-2.7278642732e-001 1.2407565334e+000 2.6879573012e+000
129 114 91
7 15 195 -97.3500 300.9299 16 398 -12.9800 247.8400 4 101 -10.4400 -304.6600 5 130 200.7700 272.6700 10 109 156.7100 -8.4500 11 143 102.2000 261.9600 3 132 33.4800 -85.3500
-3.1218646019e-001 5.7975961294e-001 2.2092763813e+000
127 111 88
8 15 236 -84.8700 -12.0700 16 524 -10.8200 11.0700 4 255 343.1400 -288.4500 5 197 -105.1900 256.3300 10 189 130.3300 324.5500 11 361 64.5200 534.6899 3 139 425.6100 -64.3700 6 245 -271.3500 266.1200
-2.0425918850e-001 8.0818072708e-001 2.3333462874e+000
46 47 39
7 15 178 -47.7500 97.2900 16 196 34.4399 98.3600 4 177 225.3300 -250.2400 5 188 -1.9500 226.9100 10 180 94.5000 215.4500 3 146 290.9100 -19.9900 6 354 -146.5900 228.6600
-1.7719806350e-001 7.2901628342e-001 2.2717923445e+000
37 29 19
7 15 118 -33.1600 58.4900 16 193 50.3101 67.2500 4 112 267.5200 -235.1000 5 120 -38.6700 214.6000 10 131 78.4700 254.3400 11 160 21.8300 478.6300 3 153 335.1899 -2.7500
-3.0593386963e-001 5.7991471942e-001 2.2084864782e+000
127 111 88
8 15 237 -84.8700 -12.0700 16 525 -10.8200 11.0700 4 254 343.1400 -288.4500 5 318 -105.1300 254.8300 10 298 126.4900 324.8900 11 360 64.5200 534.6899 3 236 426.1400 -57.6300 12 590 43.0601 335.6500
-2.6698526373e-001 7.2099973875e-001 2.2996850142e+000
46 42 38
8 15 251 -73.2900 57.4400 16 375 3.8500 67.4100 4 276 267.5699 -276.5000 5 304 -39.5300 246.6800 10 283 118.1801 255.4300 11 341 59.3500 480.0500 3 244 340.3800 -47.3300 12 373 44.2000 302.8800
-2.8001610849e-001 6.6939105641e-001 2.2646718533e+000
47 42 36
6 15 245 -76.7900 33.4200 16 367 -1.3400 47.5600 4 270 295.2700 -279.8900 10 422 120.3900 281.2300 11 345 60.9000 500.4299 3 369 372.8101 -49.6500
-3.2541936885e-001 8.5716519772e-001 2.4221089090e+000
133 117 96
5 15 555 -105.7700 125.6800 16 1138 -29.2900 122.2800 4 405 192.0400 -310.5000 5 478 25.2400 273.4000 3 512 259.5100 -86.4200
3.4123020138e-001 1.9165424737e+000 2.9723775628e+000
60 56 47
7 15 633 120.8900 560.1600 16 1213 211.4600 405.5800 4 468 -333.3100 -62.0700 5 283 506.3900 82.9200 10 323 -78.3700 -339.2700 11 259 -125.6700 -30.0700 12 209 -103.2200 -68.5500
-3.6252895936e-001 7.3387220547e-001 2.3473233152e+000
128 116 93
5 15 700 -117.5900 67.5400 16 1581 -45.8800 76.9900 10 746 162.2400 245.2100 11 911 100.5200 471.7400 3 670 332.8101 -97.7100
-2.7728301532e-001 1.2602647976e+000 2.7038388415e+000
47 44 39
9 15 742 -100.1300 310.7700 16 1179 -14.3400 255.8700 4 579 -21.4100 -307.9301 5 694 210.4800 274.9800 10 477 160.4399 -18.9800 11 426 106.0200 252.3100 3 678 21.4200 -89.4100 6 1044 112.6700 270.4200 12 521 114.6500 154.0000
2.4523807243e-001 9.6941409307e-001 2.2928071417e+000
135 120 101
7 15 715 143.3600 162.1100 16 1145 249.9200 143.6300 4 637 156.5500 -49.5300 10 511 -98.9600 145.9900 11 676 -145.1000 389.5200 3 760 197.1801 180.6700 6 745 -73.8800 52.0300
3.0106894799e-001 8.2142069789e-001 2.1624391988e+000
139 122 105
7 15 532 179.6200 89.1500 16 771 294.0400 84.5100 4 640 238.8199 -14.3800 5 610 -8.2600 34.1600 10 558 -134.6000 223.0500 11 690 -178.4200 451.9600 3 768 280.3500 217.2900
-4.7837308843e-001 8.6436660982e-001 2.4904546417e+000
137 125 104
7 15 934 -173.8300 135.4400 16 2281 -104.8900 132.2900 5 992 32.9700 328.3000 10 891 224.3400 175.6900 11 890 161.6801 416.5400 3 838 253.7200 -165.5700 12 1379 147.7600 265.5100
2.2678315603e-001 9.9450552311e-001 2.3173358223e+000
54 43 33
8 15 971 133.4700 174.5700 16 1627 237.8500 152.5800 4 782 142.4399 -59.2400 5 884 77.6700 73.1900 10 716 -89.0800 132.9000 11 854 -135.8200 378.6300 3 949 182.9399 170.3200 6 972 -57.6400 60.7800
-1.6922207652e-001 7.4229878164e-001 2.2768303949e+000
137 127 115
6 15 1275 -29.9300 64.6700 16 3322 53.5900 72.4400 4 901 261.3900 -231.9700 10 1157 75.3900 248.1900 11 1538 19.3000 474.0701 3 1126 327.7700 1.0200
3.2256064350e-001 8.5655074310e-001 2.1801709781e+000
142 130 116
6 15 1314 187.2500 105.7000 16 3366 302.4600 98.0300 4 1339 221.0400 -5.9500 10 1125 -142.7200 206.0900 11 1518 -186.2300 438.2300 3 1537 260.8700 223.9000
-5.3235287563e-001 5.0342205435e-001 2.2421688934e+000
126 113 97
5 15 35 -186.4200 -43.1700 16 69 -133.1400 -8.7400 4 32 373.6100 -389.9000 5 53 -132.9600 332.7200 10 43 222.2800 354.4700
-6.1248534122e-001 5.9527645450e-001 2.1448826686e+000
126 111 91
2 15 47 -213.4800 -17.3600 16 92 -158.7200 53.7900
-4.8177444418e-001 7.8587667574e-001 2.6333261964e+000
62 52 40
2 15 51 -186.3900 118.4200 16 70 -122.5300 78.9700
6.9837276779e-001 -3.2487780975e-001 2.4723298202e+000
72 91 106
2 15 149 235.0900 -283.9399 16 159 371.5900 -506.6300
6.9743038843e-001 -3.2450672973e-001 2.4705573578e+000
72 91 106
4 15 150 235.0900 -283.9399 16 160 371.5900 -506.6300 17 148 380.9301 -323.9500 18 136 513.1200 -187.4100
-3.7271890763e-001 5.9619392119e-001 2.2518565826e+000
130 114 91
6 15 242 -115.9300 -0.0400 16 359 -48.5500 20.6700 4 234 329.4100 -319.4500 10 295 157.0000 313.8201 11 351 93.9399 528.8600 6 605 -253.7600 286.3500
-2.8030542039e-001 7.7832911164e-001 2.3479343965e+000
128 111 90
5 15 357 -81.5400 86.8700 16 539 -5.3500 90.9000 4 265 235.7400 -284.4000 10 280 127.0900 225.7400 11 336 69.5100 455.6700
3.6816533125e-002 1.5896994130e+000 2.8351667057e+000
130 115 94
6 15 428 16.5200 439.4299 16 846 107.3101 335.0300 4 295 -179.1100 -179.7500 5 294 356.6700 176.7700 10 214 38.2300 -178.8500 12 221 12.3900 48.2200
2.3437738566e-001 9.2895755745e-001 2.2633645518e+000
134 118 95
5 15 376 141.4000 142.9500 16 556 249.5699 127.5400 4 311 178.4000 -52.5800 10 385 -95.9500 166.7500 11 323 -143.5200 407.1700
7.6605766027e-001 -3.4015720048e-001 2.4308376209e+000
192 210 222
3 15 205 262.4600 -293.3300 16 227 409.6801 -519.6600 18 134 567.1600 -203.1700
-5.2924012990e-001 6.7330964029e-001 2.3667352578e+000
45 42 35
6 15 347 -191.3400 43.9000 16 1110 -129.9200 61.0400 4 344 280.7800 -398.6000 10 418 234.3900 270.0800 11 532 167.2100 492.5601 12 1414 142.0699 312.5000
-3.9441158963e-001 6.3253013322e-001 2.2851801543e+000
51 49 43
6 15 339 -127.6600 18.4900 16 530 -60.8300 37.5300 4 371 309.5400 -331.6200 5 511 -76.6000 288.7800 10 425 169.5601 294.9600 11 541 107.0601 511.2900
-3.6346088712e-001 4.9371215929e-001 2.1700135873e+000
48 46 40
6 15 316 -107.4900 -54.0700 16 345 -41.6000 -22.5100 4 402 387.7900 -310.4000 5 474 -144.1300 271.9700 10 447 145.8500 365.5100 11 377 82.5500 566.1500
7.2847623438e-001 -3.0508780137e-001 2.4679727985e+000
190 208 222
4 15 301 247.7000 -277.5800 16 438 387.0601 -499.0400 17 451 397.4600 -316.0200 18 471 530.9399 -180.5200
8.5684341048e-001 1.5731418853e-001 2.6999887541e+000
176 185 194
5 15 311 274.6899 -89.3800 16 322 403.0601 -291.0200 10 391 -243.6100 187.9600 17 320 410.6500 -108.1100 18 214 531.7200 27.1600
6.7862106840e-001 -3.5490204363e-001 2.4599395964e+000
181 199 213
4 15 445 228.6500 -296.1100 16 431 364.3900 -521.1400 17 449 373.4399 -338.8500 18 469 505.3600 -202.7400
7.2930774143e-001 -3.8701912915e-001 2.4210565536e+000
114 133 147
4 15 441 249.9800 -311.8000 16 427 394.5200 -541.6801 17 444 408.0800 -359.6200 18 297 548.8000 -224.3100
7.4960911487e-001 -3.7273620073e-001 2.4182485811e+000
191 209 223
4 15 443 257.2900 -306.6400 16 306 404.3400 -535.7400 17 295 419.2400 -354.5601 18 299 561.7800 -220.1400
8.7474767968e-001 7.0682969818e-002 2.6784963841e+000
178 188 200
3 15 471 279.9500 -123.1200 16 468 412.0500 -325.3700 10 551 -246.3200 220.7300
8.9920154660e-001 1.6113966707e-001 2.6993434366e+000
183 192 202
3 15 479 288.5000 -88.1700 16 487 419.6400 -288.1700 10 530 -256.9400 187.8700
9.0166693771e-001 1.3376136026e-001 2.6594868026e+000
191 201 211
5 15 476 294.0100 -101.8500 16 484 427.9000 -301.8101 10 535 -261.0500 201.5500 7 573 -245.3000 -394.4100 8 866 -372.1300 -323.0200
9.4440919441e-001 1.6764325580e-001 2.6797008318e+000
188 196 207
5 15 480 308.1200 -87.9300 16 488 444.0000 -287.6400 10 531 -276.0500 189.2200 17 327 456.4399 -102.7300 18 323 583.0300 33.3700
9.9431950519e-001 -1.1751150474e-001 2.4568217193e+000
186 200 209
2 15 461 344.3101 -211.9700 16 445 506.4900 -421.2400
-5.5661744016e-001 6.1001172240e-001 2.3290488815e+000
133 119 102
6 15 882 -201.1000 12.5700 16 1545 -146.4400 35.5500 4 681 314.3101 -406.2000 5 1000 -81.6900 344.9399 10 956 240.9301 301.2200 11 1186 173.4100 517.2500
-5.5703237070e-001 6.1187574289e-001 2.3248389093e+000
133 119 102
8 15 881 -201.1000 12.5700 16 1544 -146.4400 35.5500 4 682 314.3101 -406.2000 5 1001 -81.6900 344.9399 10 957 240.9301 301.2200 11 1187 173.4100 517.2500 7 953 -246.9200 90.9500 9 976 -436.9800 485.7500
-5.0985703820e-001 8.0939124617e-001 2.4555573068e+000
46 43 36
5 15 927 -185.6200 109.4100 16 1595 -119.9700 112.8000 4 685 209.2600 -393.8600 10 910 233.7100 203.0400 11 900 169.5800 439.1500
-5.3626260046e-001 4.7433853921e-001 2.2282632899e+000
126 115 96
4 15 675 -187.8800 -56.3800 16 1512 -137.2300 -22.8400 4 688 387.6300 -390.2900 10 777 222.6801 367.9600
-3.6817918144e-001 6.3549233469e-001 2.2751752842e+000
119 114 97
7 15 684 -115.1900 18.3800 16 1546 -45.8900 36.8400 4 718 309.4700 -319.0699 5 958 -76.5800 279.1100 10 762 157.5800 294.5800 11 926 94.8400 511.3700 6 1084 -233.5400 285.9000
8.0561000136e-002 1.6306315286e+000 2.8500216589e+000
132 120 106
7 15 1025 32.8101 454.6799 16 3588 124.1000 343.8800 4 771 -197.4000 -162.3900 5 897 375.1400 162.6600 10 658 21.1100 -197.7000 11 808 -26.8100 95.9900 6 977 314.5900 147.3400
6.6475969322e-001 -3.3710495180e-001 2.4747310337e+000
176 194 209
4 15 642 223.2300 -287.9700 16 621 356.5100 -511.3700 17 655 363.0200 -329.0100 18 783 491.5400 -192.6800
6.6568995582e-001 -3.3739479280e-001 2.4749272636e+000
176 194 209
3 15 643 223.2300 -287.9700 16 622 356.5100 -511.3700 17 656 363.0200 -329.0100
7.3473743046e-001 -3.4641496361e-001 2.4427582611e+000
189 208 222
3 15 446 250.1400 -294.8800 16 433 393.1801 -520.3900 17 448 406.3400 -337.9900
-3.1338418587e-001 6.1133055561e-001 2.2390232525e+000
124 113 90
6 15 880 -89.4600 5.2800 16 1537 -17.0100 25.4400 4 882 324.4700 -292.5601 5 943 -89.5700 259.0300 10 765 132.3101 308.7700 11 1192 70.6400 521.7100
-1.8878646360e-001 6.0111970688e-001 2.1853746976e+000
131 123 110
4 15 878 -31.8000 -4.3200 16 2145 50.4600 15.7200 4 894 336.2300 -233.9800 10 1223 74.9700 317.3000
-1.7194110495e-001 6.4647055181e-001 2.2098306964e+000
42 35 27
5 15 883 -26.0900 17.8900 16 2174 58.1400 34.2700 4 902 312.4900 -228.4100 5 1278 -77.8000 208.4200 11 1184 13.3100 511.4600
-1.7182077553e-001 6.4657252596e-001 2.2100437531e+000
42 35 27
4 15 884 -26.0900 17.8900 16 2175 58.1400 34.2700 4 903 312.4900 -228.4100 11 1183 13.3100 511.4600
-1.0380249378e-001 1.0130794741e+000 2.4554071102e+000
46 45 39
4 15 577 -14.8900 192.0800 16 1154 74.3400 169.5100 4 907 116.7800 -214.1500 5 635 93.0100 200.9200
2.7073697086e-001 6.2173435294e-001 2.0198172260e+000
136 123 107
6 15 877 180.8300 -10.3100 16 2132 302.6899 3.7000 4 968 348.2400 -17.5200 5 1193 -106.8600 35.2800 10 1224 -133.8000 324.0300 11 1193 -176.6800 532.0900
2.9922658299e-001 8.4077785066e-001 2.1715802458e+000
138 125 108
5 15 914 177.7500 97.6100 16 2221 291.0699 92.2300 4 973 229.6899 -16.2200 10 924 -132.6800 214.3400 11 1132 -176.8300 444.8800
3.2490713242e-001 9.3001922765e-001 2.2257319275e+000
66 53 37
