# Bundle file v0.3
17 1640
5.9046122750e+002 -1.7900970461e-001 -2.9860717611e-002
4.0338378438e-001 -8.0980548145e-001 -4.2602418325e-001
9.1176079496e-001 3.9504689331e-001 1.1238418421e-001
7.7290201665e-002 -4.3376610552e-001 8.9770440036e-001
1.4102724529e+000 -6.3193327943e-001 -1.1171184312e+000
0 0 0
0 0 0
0 0 0
0 0 0
0 0 0
4.8873374789e+002 -6.5909173269e-002 -1.1819149700e-001
4.2634249664e-001 -6.9555481722e-001 -5.7830404789e-001
6.8577466302e-001 -1.6836390846e-001 7.0807252869e-001
-5.8986878805e-001 -6.9846767325e-001 4.0521318132e-001
1.9510634301e+000 -2.1392156698e+000 -2.4159567840e+000
4.5391138868e+003 -3.6462095656e-002 -2.1094301983e-004
4.2570477713e-001 -7.2526241776e-001 -5.4108212696e-001
7.5911432364e-001 -3.9191133426e-002 6.4977649904e-001
-4.9246409652e-001 -6.8735615255e-001 5.3387323700e-001
1.7864112447e+000 -2.3053400857e+000 -1.4584163451e+001
1.7823113428e+005 9.9281784081e-005 1.2945694278e-120
-3.8251216154e-001 7.4483684580e-001 5.4671978144e-001
-5.7217931885e-001 2.7364368989e-001 -7.7312997488e-001
-7.2546211021e-001 -6.0855336999e-001 3.2150819977e-001
-1.4844944186e+000 2.6641839983e+000 -5.8446839295e+002
5.5051644937e+002 -8.6765266075e-003 -2.3959473446e-001
-4.1950612680e-001 7.5618373007e-001 5.0219595375e-001
-5.3239448787e-001 2.4313156497e-001 -8.1082868190e-001
-7.3523514529e-001 -6.0751395745e-001 3.0059286858e-001
-1.5692032820e+000 2.4438598631e+000 -1.9781565177e+000
5.6469419239e+002 5.0307573539e-003 -1.5574748141e-001
-4.1055920198e-001 7.6068405774e-001 5.0279310454e-001
-6.2492553109e-001 1.6680884281e-001 -7.6265515835e-001
-6.6400995645e-001 -6.2732334108e-001 4.0688598339e-001
-1.5970539254e+000 2.4641507173e+000 -2.1596503546e+000
8.8345997451e+002 -2.9669962072e-001 -1.4726728659e-002
-8.1404074859e-001 -1.1585664638e-002 -5.8069220075e-001
3.0081765376e-001 -8.6366310142e-001 -4.0446852342e-001
-4.9683639040e-001 -5.0393632497e-001 7.0654213006e-001
1.8880795249e+000 1.3916574379e+000 -4.5961648973e+000
8.1468104510e+002 -2.7631815070e-001 -1.2253829763e-001
-8.2345103259e-001 -8.0299436522e-005 -5.6738733725e-001
2.2099311836e-001 -9.2107501614e-001 -3.2059765483e-001
-5.2258055700e-001 -3.8938516689e-001 7.5847791876e-001
1.7719307004e+000 1.5403023634e+000 -4.6458803661e+000
6.8149279900e+002 -4.3034652956e-001 -5.2812750333e-002
-8.4844320415e-001 5.4150929961e-002 -5.2650907505e-001
-6.6661110647e-002 -9.9776411884e-001 4.8020281372e-003
-5.2507182904e-001 3.9171927848e-002 8.5015594711e-001
1.6441593384e+000 3.9076799867e-001 -4.5778491493e+000
0 0 0
0 0 0
0 0 0
0 0 0
0 0 0
0 0 0
0 0 0
0 0 0
0 0 0
0 0 0
2.3528291161e+005 -1.5668563637e-004 1.7978519129e-190
7.9615923377e-001 1.5159393018e-002 6.0489723696e-001
-1.9243359523e-001 9.5412779403e-001 2.2936753060e-001
-5.7367219378e-001 -2.9901562747e-001 7.6255482991e-001
-1.8883804398e+000 -4.3289240882e-001 -7.0881581417e+002
-2.5231721863e+004 9.3267430156e-003 2.2243578619e-006
8.0529669135e-001 3.2058173948e-002 5.9200465571e-001
1.0156062549e-001 9.7631775873e-001 -1.9102113324e-001
-5.8410844734e-001 2.1395304971e-001 7.8296961261e-001
-1.7352339172e+000 7.2273239478e-001 6.1305835621e+001
-6.3401813946e+003 -4.9249896936e-003 -8.7399958350e-005
7.9049236569e-001 2.2014703041e-002 6.1207611670e-001
1.8864265424e-001 9.4201947194e-001 -2.7751263662e-001
-5.8269697852e-001 3.3483528389e-001 7.4050628889e-001
-1.8550523077e+000 1.2449203749e+000 1.1892137454e+001
5.7153101494e+005 -3.0824413278e-006 -3.1782506643e-192
8.2156559706e-001 -2.4909265213e-002 5.6956957278e-001
2.9346325915e-001 8.7500177913e-001 -3.8503402713e-001
-4.8878347482e-001 4.8347845353e-001 7.2618131325e-001
-1.6935112578e+000 1.7158581496e+000 -1.0678801169e+003
1.9676460484e+005 4.1139017538e-006 -4.8069207641e-191
8.0518171593e-001 -4.6145991363e-002 5.9123003291e-001
3.9968066139e-001 7.7874960715e-001 -4.8353326490e-001
-4.3810703400e-001 6.2563535453e-001 6.4547860532e-001
-1.8306186758e+000 1.9501601745e+000 -3.5693121789e+002
-3.1073395783e-002 -9.3050781302e-002 2.7406808242e+000
61 53 40
11 13 497 -54.1500 42.7300 14 601 -90.1600 179.5600 12 327 -86.6200 37.0100 2 286 165.3200 -80.9700 3 349 124.0400 -189.9600 7 376 109.3700 119.4800 8 312 77.0700 233.5100 4 489 -12.2800 163.2200 5 362 -128.5000 110.1000 6 292 -161.7600 220.4000 0 347 -126.8000 163.7900
2.2791184814e-002 -2.3246484791e-001 2.6483202417e+000
144 136 113
8 13 481 -64.7800 -3.8700 14 578 -103.9600 136.9500 2 285 235.4300 -82.7000 7 400 109.6000 175.5800 8 341 75.5400 278.0300 5 366 -218.5000 116.5200 6 301 -262.3500 226.3700 0 351 -198.5300 168.4200
4.9566420799e-003 -2.1351899076e-001 2.6557163288e+000
146 139 113
10 13 486 -67.7400 2.8000 14 580 -108.4900 143.0200 12 307 -94.3300 -11.3300 3 340 176.1000 -196.2400 7 397 112.9600 167.8600 8 503 78.9600 272.1300 4 494 -57.0300 167.0400 5 370 -206.5300 121.4900 6 424 -249.0100 232.9400 0 353 -189.2500 172.8100
-8.9519089209e-002 -1.8896419632e-002 2.7776250620e+000
150 144 124
10 13 716 -60.5300 66.6500 14 927 -97.1100 199.7600 12 345 -94.6400 67.8000 2 427 127.2800 -92.0400 3 337 89.8000 -199.2100 7 356 119.9700 87.8900 8 446 88.4400 208.1000 5 368 -77.9600 120.9200 6 427 -104.6100 235.1400 0 488 -86.5200 173.3000
-9.0525264493e-002 -1.9398790669e-002 2.7781888159e+000
150 144 124
11 13 715 -60.5300 66.6500 14 926 -97.1100 199.7600 12 344 -94.6400 67.8000 2 428 127.2800 -92.0400 3 338 89.8000 -199.2100 7 357 119.9700 87.8900 8 447 88.4400 208.1000 5 369 -77.9600 120.9200 6 428 -104.6100 235.1400 9 553 81.8900 132.8300 0 489 -86.5200 173.3000
3.6754353769e-001 -1.4674535452e-001 2.9817156604e+000
157 144 127
7 13 676 126.5100 18.2800 14 901 115.9800 159.9500 12 448 70.7100 14.3100 2 756 177.1700 89.8400 3 794 151.4200 -27.0100 7 547 -47.6300 142.5700 8 664 -70.5000 251.1200
-9.3197702163e-002 9.4126110831e-003 2.8042739776e+000
151 142 124
10 13 993 -54.7100 75.2400 14 1267 -89.7600 207.3300 12 512 -90.0000 79.3700 2 437 112.3200 -87.4000 3 487 77.0900 -194.7600 7 469 116.1200 75.6800 8 628 85.2000 198.4300 4 650 27.7400 167.3900 5 548 -58.5900 114.8000 6 643 -82.9700 227.7300
6.0807018451e-002 2.9628237348e-002 2.9654831933e+000
85 85 71
9 13 52 28.0500 75.8000 14 56 4.8400 207.1300 12 40 -14.9300 89.6900 2 44 92.3200 -1.9200 3 30 66.2600 -115.9000 7 41 40.0000 63.3300 8 56 12.9200 188.2800 4 48 40.6800 106.4200 9 46 10.6200 120.8200
-4.2703312980e-002 -9.8939914445e-002 2.7352154946e+000
148 136 118
2 13 69 -61.3000 39.4400 14 69 -98.6200 175.3600
1.5822061234e-001 -2.2083780315e-001 2.7530489305e+000
156 141 118
9 13 117 5.0300 -4.0000 14 124 -23.3000 138.3100 12 66 -33.1600 -16.6000 2 91 223.9800 -17.8200 3 66 181.9700 -134.4700 7 91 53.3700 171.1700 8 128 22.9800 273.6500 4 90 -61.5800 119.7400 9 125 12.5900 170.2800
1.2286511718e-001 -8.8708414231e-002 2.8454799930e+000
60 63 56
8 13 182 17.6200 41.1900 14 130 -8.0500 181.2100 12 114 -23.4400 36.6300 2 94 159.2800 -8.8600 3 106 125.6300 -124.5400 7 119 46.3900 119.8500 8 152 18.1100 233.8200 9 102 11.8000 144.7500
1.5402509672e-001 -8.2129461788e-002 2.8705899637e+000
61 64 55
8 13 127 32.8700 45.1100 14 129 9.6700 181.6900 12 115 -9.5800 38.5600 2 97 155.9500 5.7000 3 115 124.1600 -110.2900 7 118 32.6900 117.6300 4 111 -11.0700 101.7300 9 101 0.1600 142.7700
3.4223029150e-001 -1.0316729948e-001 3.0156636532e+000
116 104 88
8 13 125 126.3100 32.5300 14 86 116.0300 169.7600 12 74 71.2800 33.6000 2 106 154.6000 90.2100 3 71 131.3500 -26.9100 7 81 -48.4600 122.8600 8 121 -71.3400 235.6600 4 85 -15.1000 33.7000
3.4170131736e-001 -1.0400495587e-001 3.0167572186e+000
116 104 88
9 13 126 126.3100 32.5300 14 87 116.0300 169.7600 12 73 71.2800 33.6000 2 107 154.6000 90.2100 3 72 131.3500 -26.9100 7 80 -48.4600 122.8600 8 120 -71.3400 235.6600 4 84 -15.1000 33.7000 9 103 -73.7600 148.9100
3.2734404848e-001 1.5023629933e-002 3.1275657623e+000
143 132 113
8 13 88 145.6100 70.4200 14 92 137.3400 205.5000 12 78 90.4300 80.8900 2 108 97.4500 109.0400 3 75 78.7900 -5.0600 7 76 -68.7200 73.4900 8 88 -90.9500 194.5200 4 58 32.6500 15.7200
4.9087202544e-003 -2.5296209448e-002 2.8364533782e+000
156 141 117
9 13 374 -19.2600 62.7400 14 418 -49.6700 197.4500 12 254 -57.2400 64.1200 2 207 128.5800 -48.2500 3 240 94.4300 -160.0100 7 234 81.8000 91.2600 8 208 51.8900 210.4000 4 200 13.6700 140.5600 9 245 46.4900 132.5600
1.2393924047e-001 -1.9778639092e-001 2.7526864244e+000
151 137 115
8 13 488 -5.2900 5.5800 14 582 -35.0900 146.2200 12 222 -42.4300 -6.0800 2 238 213.0400 -28.7200 3 260 171.4900 -143.9000 7 270 63.0200 162.4200 8 332 32.0700 267.2800 4 281 -52.5100 127.1600
1.2393924047e-001 -1.9778639092e-001 2.7526864244e+000
151 137 115
8 13 487 -5.2900 5.5800 14 581 -35.0900 146.2200 12 221 -42.4300 -6.0800 2 239 213.0400 -28.7200 3 261 171.4900 -143.9000 7 271 63.0200 162.4200 8 333 32.0700 267.2800 4 282 -52.5100 127.1600
4.5800277098e-003 -6.2176011219e-002 2.8075648162e+000
67 56 45
2 13 701 -28.4000 50.1500 14 916 -61.0700 185.5000
5.4526313819e-002 -1.6110596329e-001 2.7385121246e+000
58 51 40
8 13 492 -30.4800 18.8100 14 587 -64.3900 157.7000 12 318 -63.8900 9.2900 2 307 197.3000 -53.0000 3 361 154.7100 -165.8500 7 387 84.8100 147.4500 8 498 53.5500 255.6200 4 472 -38.2200 144.4300
7.0246752552e-002 -1.9116802589e-001 2.7234614033e+000
64 57 48
9 13 343 -29.9100 8.2500 14 379 -63.9600 147.9900 12 310 -62.7500 -2.7300 2 312 211.5400 -51.0900 3 227 167.5700 -164.5000 7 394 82.9700 159.2100 8 330 51.1700 265.6500 4 468 -49.0500 143.2800 9 362 39.6800 167.8000
9.0125906850e-002 -2.0446508151e-001 2.7193760819e+000
154 141 115
8 13 337 -24.9600 4.0500 14 255 -57.9100 145.5300 12 219 -58.1500 -9.0200 2 323 218.7100 -45.6900 3 237 174.3400 -159.7600 7 272 78.2000 164.9800 8 334 46.6800 269.3500 4 300 -55.1900 139.4900
4.5046217788e-002 -1.0202957449e-001 2.7924763732e+000
154 144 118
8 13 496 -19.2100 37.8200 14 599 -50.5300 174.0000 12 325 -55.4300 33.4800 2 324 166.3400 -44.7900 3 384 128.2700 -157.6700 7 378 78.0000 122.8700 8 486 47.4500 236.3400 4 458 -15.4000 138.3600
8.9366815092e-002 -1.8837918551e-001 2.7438562389e+000
66 58 51
8 13 342 -18.7200 8.7200 14 378 -51.0900 148.3000 12 312 -53.1400 -1.2100 2 329 209.0700 -40.5300 3 397 165.8100 -154.8900 7 393 73.8000 157.6600 8 328 42.7000 264.1500 4 437 -47.6200 135.8000
8.9366815092e-002 -1.8837918551e-001 2.7438562389e+000
66 58 51
8 13 341 -18.7200 8.7200 14 377 -51.0900 148.3000 12 311 -53.1400 -1.2100 2 330 209.0700 -40.5300 3 398 165.8100 -154.8900 7 392 73.8000 157.6600 8 327 42.7000 264.1500 4 436 -47.6200 135.8000
7.0511278712e-002 -1.0101814891e-001 2.8084777611e+000
155 148 127
9 13 687 -7.2500 37.5800 14 906 -36.9400 174.5400 12 323 -45.2400 33.3600 2 341 165.3900 -33.7400 3 408 128.6600 -147.1600 7 380 67.7500 122.9400 8 485 37.7400 236.1900 4 289 -15.5000 130.5900 9 574 29.8100 148.9700
1.0751324655e-002 2.8515098647e-002 2.9046140746e+000
154 146 126
8 13 723 -0.1100 78.4900 14 1271 -27.1400 210.6800 2 345 98.5700 -32.5400 3 258 69.0400 -144.4900 7 227 67.6400 66.9000 8 297 38.6300 190.4200 4 287 36.3200 129.0200 9 543 34.6500 119.9300
1.0751324655e-002 2.8515098647e-002 2.9046140746e+000
154 146 126
8 13 724 -0.1100 78.4900 14 1272 -27.1400 210.6800 2 346 98.5700 -32.5400 3 259 69.0400 -144.4900 7 226 67.6400 66.9000 8 296 38.6300 190.4200 4 286 36.3200 129.0200 9 542 34.6500 119.9300
6.8062848580e-002 -7.6766702322e-002 2.8321537668e+000
151 136 116
8 13 499 -2.7500 45.4300 14 911 -32.0300 181.7000 12 239 -40.5900 43.2900 2 349 152.8500 -28.3500 3 264 117.8600 -142.3500 7 249 63.6700 112.7900 8 309 34.8500 227.8600 4 279 -5.8500 126.7400
6.8062848580e-002 -7.6766702322e-002 2.8321537668e+000
151 136 116
8 13 500 -2.7500 45.4300 14 912 -32.0300 181.7000 12 240 -40.5900 43.2900 2 350 152.8500 -28.3500 3 265 117.8600 -142.3500 7 248 63.6700 112.7900 8 308 34.8500 227.8600 4 280 -5.8500 126.7400
7.0689524374e-002 -6.0160002414e-002 2.8455305055e+000
60 57 48
9 13 366 2.3800 51.0300 14 409 -25.4400 187.1600 12 244 -37.4500 49.7500 2 365 145.2300 -25.6600 3 269 111.3200 -139.5100 7 243 61.0800 106.5000 8 306 31.9100 222.7000 4 268 -0.3200 124.5800 9 248 25.8100 139.8300
-7.2319094418e-002 3.3328818834e-001 3.2425820740e+000
69 61 46
5 13 760 53.3900 163.8800 14 951 33.9100 283.5300 2 377 -69.8400 19.5300 8 182 -3.9800 62.2900 9 221 5.7300 28.6900
-5.9331412644e-002 3.4879882210e-001 3.2720359707e+000
157 146 124
5 13 761 64.2400 167.9700 14 1310 46.2500 287.2200 2 385 -77.5400 29.8500 4 165 180.7100 81.1300 9 219 -5.7700 22.4600
4.1476010439e-001 -2.2666663836e-001 2.9332377677e+000
157 143 115
7 13 330 131.6100 -8.7700 14 373 122.6100 136.2300 12 213 72.5900 -18.3100 2 389 213.9300 91.6500 3 304 187.6900 -27.2600 7 278 -49.3300 174.6300 8 338 -71.9500 276.2100
-4.5460193086e-002 -1.3125625371e-001 2.6945273074e+000
64 53 35
8 13 681 -71.9400 30.5700 14 1224 -111.9700 167.9400 2 421 186.0300 -95.3800 3 323 140.4100 -203.2200 7 382 121.4800 135.2200 8 660 88.5000 246.5000 4 504 -26.5100 172.9000 6 448 -190.0500 243.9500
1.7243301980e-002 -2.9163961018e-002 2.8434721708e+000
150 144 119
6 13 989 -14.6100 61.2200 14 1254 -44.5400 195.3400 12 499 -52.7500 62.7600 2 512 129.7500 -43.0100 7 484 77.1200 92.5500 4 442 12.6300 136.8300
-4.8871860585e-002 3.6466241910e-001 3.3024016767e+000
93 85 71
7 13 763 72.4400 172.0600 14 1319 54.9800 290.9100 2 573 -85.8900 40.4600 7 298 -0.7200 -98.7800 8 252 -24.7800 47.4000 4 398 188.1000 72.4500 9 217 -14.3900 16.5000
3.6771990641e-001 -1.4749317484e-001 2.9792853478e+000
157 144 127
6 13 675 126.5100 18.2800 14 899 115.9800 159.9500 2 757 177.1700 89.8400 3 596 152.6300 -28.2400 7 548 -47.6300 142.5700 8 665 -70.5000 251.1200
1.1402156843e-001 -1.9538670981e-001 2.7410143140e+000
155 140 115
4 13 173 -11.8200 7.6600 14 188 -43.7500 148.5900 12 104 -46.1300 -5.2400 3 95 171.0000 -147.4900
1.8579080814e-002 3.4573293663e-002 2.9181427931e+000
67 61 47
6 13 529 4.5000 79.9500 14 627 -22.2800 212.0700 12 257 -36.7900 89.0900 3 180 66.0800 -139.1500 8 204 33.9300 188.6200 4 178 39.2200 125.0200
2.6308392613e-001 -7.5474675115e-001 3.3959577232e+000
76 89 98
5 13 149 185.7900 -253.3200 14 145 190.4500 -162.0000 15 141 256.5400 -93.7000 12 138 117.5400 -142.0400 3 204 221.9800 43.3100
4.5800277098e-003 -6.2176011219e-002 2.8075648162e+000
67 56 45
2 13 700 -28.4000 50.1500 14 915 -61.0700 185.5000
5.4447799170e-002 -1.6107150334e-001 2.7384579456e+000
58 51 40
7 13 491 -30.4800 18.8100 14 586 -64.3900 157.7000 12 317 -63.8900 9.2900 3 360 154.7100 -165.8500 7 388 84.8100 147.4500 8 499 53.5500 255.6200 4 474 -38.2200 144.4300
3.2869361964e-002 -1.0188596961e-001 2.7821647745e+000
156 146 121
3 13 689 -26.0200 37.9700 14 907 -58.5300 174.6400 3 372 128.3900 -162.9000
2.6915916678e-001 -4.6545495645e-001 3.4951691669e+000
192 199 205
4 13 454 209.8900 -144.0500 14 495 214.4600 -51.7200 12 432 144.2800 -44.0000 3 619 125.7700 74.7100
4.4635515453e-002 -1.2360453944e-001 2.7653686439e+000
148 144 127
5 13 973 -26.2500 31.2300 14 1227 -58.8300 168.9000 12 611 -61.2300 24.3000 3 670 138.4900 -163.5200 8 657 52.1700 243.5000
2.4652610425e-001 -7.6127000980e-001 3.3850764870e+000
180 193 201
4 13 577 178.2600 -255.7500 14 671 181.5000 -164.5700 12 565 111.6700 -143.9300 3 812 223.5900 37.2500
2.4424500632e-001 -2.5314940096e-001 2.7490396667e+000
63 64 59
2 13 115 31.7600 -9.9300 14 122 7.3700 134.0900
2.4424500632e-001 -2.5314940096e-001 2.7490396667e+000
63 64 59
2 13 116 31.7600 -9.9300 14 123 7.3700 134.0900
4.6166051578e-001 -2.0088070772e-001 2.9727323902e+000
106 94 78
4 13 86 154.8300 2.4700 14 82 148.8200 146.3000 12 67 93.8800 -10.1400 7 89 -69.8100 167.1700
9.1656753318e-002 -1.4243139557e-001 2.7852321975e+000
152 143 117
5 13 353 -7.3900 24.2400 14 387 -36.5400 162.4000 12 232 -44.6000 17.0000 7 259 66.3000 139.7100 8 223 36.2000 249.5300
9.5958688541e-002 -1.1244133413e-001 2.8158942992e+000
61 58 50
4 13 360 1.9400 33.7100 14 396 -26.6300 171.3500 8 313 29.6700 240.1500 9 353 21.9500 151.3900
2.1412036084e-002 -5.1844229330e-002 2.8245816984e+000
151 144 119
3 13 510 -18.6500 54.0100 14 614 -49.5000 189.0400 8 461 49.6200 219.8000
-5.0823858781e-002 -7.7842563235e-002 2.7411506141e+000
63 52 34
3 13 694 -61.4000 47.4600 14 913 -98.7300 182.8600 8 476 83.8900 228.9800
6.2335015993e-002 -1.0132253328e-001 2.8024320696e+000
152 141 121
4 13 688 -11.7600 37.8900 14 908 -42.2200 174.8100 12 324 -48.2700 33.5200 8 484 41.1800 236.1900
8.5963873042e-002 -1.6230598012e-001 2.7617191356e+000
55 50 35
3 13 965 -14.8200 17.7400 14 1208 -46.1100 156.7900 8 666 41.1100 256.2100
6.4511630830e-002 4.8889440296e-005 2.9204626743e+000
60 61 53
3 13 190 18.2200 68.6000 14 199 -7.2400 202.3300 9 119 16.7100 127.3200
-5.1929168929e-002 3.3607936396e-001 3.2584917471e+000
67 58 41
3 13 1035 63.7700 164.7900 14 1309 44.8100 284.4100 9 310 -5.6600 26.7300
-1.2970317989e-001 2.3084266795e-001 3.0860240320e+000
154 147 132
3 13 753 -0.8500 135.4300 14 946 -26.8600 259.3900 9 316 54.1300 67.8700
2.9597376020e-001 -9.9480508214e-003 3.0654220094e+000
155 143 118
3 13 713 125.0900 63.8000 14 619 114.1600 199.9300 9 339 -73.0400 125.8800
4.4941785574e-002 -4.2830011378e-002 2.8649452525e+000
149 142 118
3 13 369 -1.6800 54.8000 14 411 -30.0900 190.0300 9 347 29.8400 137.4600
1.0354348851e-001 -1.6678194202e-001 2.7566206101e+000
65 59 52
3 13 349 -10.4900 16.7700 14 382 -40.7600 156.7800 9 358 27.7500 161.3400
1.1842072582e-001 -2.5562920191e-001 2.6506741122e+000
67 63 52
3 13 329 -31.8500 -8.9500 14 253 -66.6900 133.8900 9 372 36.8100 176.8300
-1.1593358034e-002 5.8060060656e-002 2.9473110510e+000
151 141 119
3 13 727 1.0100 85.2500 14 932 -25.6900 216.5600 9 538 35.6300 114.5700
2.2430717778e-002 -2.0242193014e-002 2.8751600565e+000
138 133 105
3 13 519 -6.2700 61.9100 14 616 -34.9700 196.0800 9 548 34.8000 132.5000
2.0309608060e-001 -8.2543647506e-001 3.3238980818e+000
192 205 213
4 13 22 147.2100 -279.0800 14 23 147.0900 -188.7800 15 18 208.7500 -120.7200 12 11 86.4500 -164.4600
1.3930160473e-001 -7.5503806745e-001 3.2930900478e+000
103 118 125
3 13 28 120.1300 -250.1800 14 30 114.9500 -159.8400 12 23 67.4800 -141.3700
3.2457337785e-001 -6.4574502608e-001 3.4646908366e+000
79 88 95
3 13 83 222.1900 -211.5600 14 80 230.5400 -119.8200 12 45 148.0900 -105.6400
-9.2591621876e-003 -6.8172191188e-001 3.1870115830e+000
110 123 131
4 13 109 47.9100 -218.6100 14 79 31.9800 -128.6300 15 58 68.1400 -58.9800 12 62 12.8700 -117.0800
2.6680141179e-001 -8.0283464194e-001 3.3928232997e+000
190 203 210
3 13 103 185.3100 -272.3900 14 76 190.3300 -181.3000 12 89 116.0000 -156.6800
2.6976733577e-001 -8.0286739485e-001 3.3901711532e+000
190 203 210
4 13 104 185.3100 -272.3900 14 77 190.3300 -181.3000 15 44 257.5700 -113.6200 12 90 116.0000 -156.6800
2.6206362877e-001 -6.8065038155e-001 3.4105837830e+000
95 109 118
4 13 107 188.9700 -223.9800 14 106 193.3800 -132.0400 15 57 257.2800 -62.8200 12 93 121.6600 -117.2100
2.4010827274e-001 -6.7954952107e-001 3.3940065282e+000
143 156 164
4 13 108 178.0100 -223.3100 14 107 180.4900 -131.0100 15 92 242.4500 -62.4900 12 94 113.3600 -116.8100
2.6682550268e-001 -7.5621020463e-001 3.3944929886e+000
76 89 98
4 13 147 185.7900 -253.3200 14 144 190.4500 -162.0000 15 140 256.5400 -93.7000 12 136 117.5400 -142.0400
-7.0816971180e-002 -6.5920688988e-001 3.1436194814e+000
166 178 185
5 13 215 18.5300 -208.4100 14 148 -1.3600 -118.8400 15 148 28.7700 -48.6400 12 139 -10.1900 -109.9800 16 138 -2.0800 -62.4900
-8.7388672013e-002 -6.6626306463e-001 3.1249459640e+000
169 181 190
5 13 214 8.2500 -210.6800 14 224 -12.7900 -121.3100 15 147 16.0100 -50.5600 12 195 -18.2200 -112.2100 16 194 -15.0600 -64.0100
4.4687524256e-002 -7.1737433615e-001 3.2219997534e+000
139 156 164
3 13 287 72.5000 -233.3700 14 298 60.1100 -143.1800 12 284 31.8100 -128.9300
3.9157629873e-002 -7.1633959682e-001 3.2213590455e+000
139 156 164
5 13 288 72.5000 -233.3700 14 299 60.1100 -143.1800 15 195 101.1900 -73.7400 12 285 31.8100 -128.9300 16 288 73.9700 -83.7600
-1.0434223958e-001 -6.6705912631e-001 3.1109683491e+000
169 180 189
5 13 425 -0.9300 -210.5100 14 462 -23.0100 -121.3100 15 479 4.7200 -50.8800 12 286 -25.7800 -112.3900 16 441 -26.8700 -64.3000
3.0075611322e-001 -7.9172366992e-001 3.4191403350e+000
199 209 218
4 13 282 202.0200 -267.9800 14 294 209.6100 -177.2400 15 296 280.8000 -110.1800 12 405 128.7100 -153.3500
2.6142316772e-001 -7.7474498613e-001 3.3870258801e+000
186 199 207
3 13 413 182.1500 -260.5200 14 451 186.7500 -169.4600 12 406 114.3600 -148.0400
2.8912006816e-001 -7.7253049772e-001 3.4091322320e+000
197 210 219
3 13 415 196.5900 -260.1800 14 453 203.2600 -168.9800 12 407 125.1100 -147.3800
1.3187664358e-001 -7.6601737492e-001 3.2889597217e+000
174 189 196
3 13 416 116.6100 -254.1400 14 295 110.8200 -164.8700 12 408 65.0000 -144.7700
2.8796022509e-002 -7.1253280888e-001 3.2047783987e+000
118 135 143
3 13 422 63.1700 -230.4800 14 459 49.6000 -140.5900 12 411 24.6400 -127.7700
3.1432758695e-001 -6.3245504218e-001 3.4570822156e+000
163 174 180
3 13 427 217.1600 -206.6000 14 466 224.4200 -113.7700 12 418 144.6300 -101.2900
-2.1636252039e-003 -3.1300487866e-001 2.5354059672e+000
19 7 0
3 13 476 -99.4100 -28.4600 14 570 -145.3500 115.2300 12 431 -117.8300 -49.3100
1.4805286129e-001 -7.5502323346e-001 3.3092857219e+000
184 197 206
4 13 418 127.3500 -250.3300 14 454 122.8200 -160.1700 12 567 73.0200 -141.7000 16 435 154.4000 -99.8100
3.8088404197e-002 -7.1735554479e-001 3.2128106495e+000
185 202 210
3 13 582 68.2900 -233.0200 14 458 55.0900 -142.5600 12 569 28.3200 -129.1800
-4.4193930390e-002 -6.7433587380e-001 3.1572199468e+000
166 180 187
3 13 584 28.4500 -214.5200 14 681 9.8200 -124.7300 12 572 -2.0700 -114.6600
-3.6040120098e-002 -6.5389894642e-001 3.1751930571e+000
170 183 191
5 13 586 36.7100 -207.2100 14 464 19.7100 -117.3200 15 481 53.5300 -47.1200 12 574 4.2700 -108.2300 16 711 24.8400 -61.1800
3.2770436841e-001 -6.8419940673e-001 3.4043233430e+000
192 205 211
2 13 2 206.2800 -222.9200 14 3 214.8000 -128.0300
8.5867591200e-002 -6.7207745229e-001 3.2902664687e+000
179 194 201
2 13 23 103.9700 -219.1000 14 24 94.8400 -128.6900
-1.8329383786e+000 9.4624420757e-001 3.7753469640e+000
61 89 113
2 13 27 -363.9700 284.7100 14 29 -383.7700 292.9200
2.3657832619e-001 -2.4345420246e-001 2.7322713593e+000
65 58 46
2 13 30 25.4700 -5.1900 14 37 -0.0900 139.8500
-1.6769370066e+000 9.1641207577e-001 3.8608849511e+000
61 92 120
2 13 38 -296.8400 273.3400 14 60 -315.2500 284.8400
-1.8999228280e+000 9.7159512061e-001 3.6816181277e+000
124 143 154
2 13 40 -406.4800 298.4300 14 46 -427.1500 308.2500
-3.0194736539e-001 -6.0252741634e-001 3.0284605801e+000
138 126 104
2 13 44 -80.7900 -187.8600 14 51 -114.1300 -98.9800
9.0875151764e-002 -4.4485238027e-001 2.6124773610e+000
57 44 27
2 13 46 -52.0000 -80.4500 14 34 -90.0800 54.9600
2.4710609891e-002 9.7636564406e-002 2.9779568710e+000
158 142 117
2 13 54 20.5600 99.8500 14 41 -5.1600 231.3200
-1.6311865956e+000 8.1492361528e-001 3.7924502017e+000
150 161 165
2 13 62 -299.8000 242.4400 14 58 -320.7900 259.7000
-1.9323988644e+000 1.0613464013e+000 3.6637376433e+000
78 106 129
2 13 64 -418.7300 332.3800 14 64 -440.4700 340.1500
2.8605701326e-001 -8.4320404771e-001 3.3863006877e+000
186 199 207
4 13 65 188.3400 -287.9200 14 50 193.4900 -195.8400 15 32 261.5100 -127.4900 16 33 245.0200 -128.7200
6.0520943053e-002 -2.5129240082e-001 2.5849069874e+000
145 137 115
2 13 67 -66.4900 -4.3000 14 53 -106.0000 140.2200
3.9073795228e-001 -8.7589965941e-001 3.3568299775e+000
200 211 217
2 13 81 213.4900 -291.5300 14 66 224.2200 -200.4400
-4.6155817905e-001 -7.3001108401e-001 2.8134783262e+000
126 111 88
2 13 82 -183.5100 -227.4100 14 78 -233.4300 -140.9800
8.9720326478e-002 -5.5368029986e-001 3.0200748490e+000
111 99 82
3 13 85 42.6900 -153.4700 14 67 23.9200 -44.3600 15 34 61.0300 50.7900
-1.4188178948e+000 9.1975851764e-001 3.9341221449e+000
18 45 81
2 13 98 -200.2900 279.7100 14 98 -218.1400 299.0700
-1.5126854117e+000 9.6741054434e-001 3.8771484585e+000
97 29 28
2 13 99 -241.9700 298.0300 14 100 -260.4700 315.6600
-1.4309541594e+000 1.0036808114e+000 3.8541874960e+000
9 55 26
2 13 100 -221.7900 316.8000 14 103 -240.6700 339.0500
-4.3672222913e-001 -8.3695391064e-001 2.7598222097e+000
135 124 102
2 13 105 -189.7100 -264.0300 14 105 -242.0800 -178.9300
4.5152472763e-002 -5.9519307716e-003 2.9079962734e+000
158 144 118
2 13 129 8.7200 65.8800 14 91 -17.7200 199.4200
4.1635190948e-002 4.3355446713e-002 2.9566910257e+000
58 63 52
2 13 130 20.5800 81.2200 14 206 -5.8000 213.0600
-8.4785097412e-002 1.5516735047e-001 2.9898479073e+000
64 63 56
2 13 131 -11.2600 116.6000 14 134 -39.5900 243.3700
-1.5962865594e+000 8.0374950728e-001 3.8148146714e+000
69 96 117
2 13 137 -284.0600 237.9500 14 135 -304.5500 255.8000
-1.4518180174e+000 8.9352105947e-001 3.8993234792e+000
99 121 144
2 13 140 -218.7800 271.1800 14 137 -237.5200 290.8600
-1.4674214009e+000 9.1797773632e-001 3.8862010991e+000
17 36 65
2 13 142 -226.7100 280.6100 14 212 -244.9100 300.2900
-1.4369709446e+000 9.8267327551e-001 3.8208414754e+000
64 106 105
2 13 144 -231.6100 311.2400 14 215 -251.3500 334.9900
-1.4683528211e+000 1.0148427507e+000 3.8236629594e+000
12 62 43
2 13 145 -240.7600 321.6300 14 142 -259.2500 343.9000
-4.6427706205e-001 -7.2619176784e-001 2.8222238063e+000
129 117 94
2 13 150 -182.0400 -226.5800 14 146 -231.9700 -140.6700
-4.2790034532e-001 -7.0369389048e-001 2.7936606830e+000
131 118 97
3 13 151 -178.4500 -212.7500 14 147 -227.3300 -126.4900 15 145 -232.7200 -53.8200
1.9531465918e-001 -6.0645867779e-001 3.3214853929e+000
89 83 73
4 13 152 146.4700 -192.1000 14 111 143.4400 -95.1400 15 101 199.4100 -19.4500 16 105 177.7500 -27.8100
1.9474492761e-001 -6.0662114676e-001 3.3202303732e+000
89 83 73
3 13 153 146.4700 -192.1000 14 112 143.4400 -95.1400 15 102 199.4100 -19.4500
-5.0258242544e-001 -5.5054508627e-001 2.9310689701e+000
128 121 99
2 13 154 -166.3600 -168.1300 14 163 -211.1300 -81.6600
1.1635477357e-001 -5.6250657131e-001 3.0581067814e+000
128 113 92
4 13 156 60.5000 -158.2400 14 81 43.8500 -50.6600 15 45 84.8200 42.1400 16 47 53.2500 44.7700
-1.7212197834e-001 -5.7057545814e-001 2.8223380481e+000
122 76 68
4 13 157 -89.0000 -153.9400 14 115 -126.2100 -50.2800 15 64 -113.5500 41.5900 16 66 -151.6600 40.7700
8.9493859352e-002 -4.8582439667e-001 2.7702899448e+000
60 48 32
4 13 158 -14.9000 -108.3800 14 116 -45.4800 16.5500 15 65 -16.7400 133.7900 16 75 -54.4900 148.6700
2.8786006066e-001 -4.7504374178e-001 2.8898117674e+000
80 64 46
2 13 159 76.8900 -105.1400 14 117 60.2600 22.9900
2.5729146880e-001 -4.5422376241e-001 2.8010310361e+000
126 109 83
2 13 161 45.4700 -91.7000 14 118 25.0500 41.0300
3.3855720034e-001 -4.3207378249e-001 2.8370992883e+000
66 53 36
4 13 162 80.6000 -83.2600 14 119 63.8300 53.5700 15 70 115.1300 186.1300 16 83 76.4800 207.6600
1.6672802517e-001 -4.2815187036e-001 2.6620096754e+000
76 63 47
4 13 163 -15.2400 -75.2700 14 120 -47.3800 62.0800 15 72 -17.1200 197.4000 16 85 -56.4600 218.4700
1.1323131152e-001 -2.2846993613e-001 2.7060087997e+000
93 87 81
2 13 167 -19.7200 -2.2900 14 186 -52.6600 138.3500
1.3428745141e-001 -2.2818350983e-001 2.7139532129e+000
150 148 134
2 13 171 -11.2500 -1.9600 14 187 -42.6200 139.3800
4.0921222799e-001 -1.2293474575e-001 3.0220658935e+000
142 134 115
2 13 178 151.1100 26.6600 14 127 144.3000 168.2900
1.0290146362e-001 -4.2594406054e-002 2.8982958775e+000
78 70 51
2 13 189 25.2300 54.8900 14 195 -0.8000 190.5700
-1.5455771078e+000 9.2737453019e-001 3.8549092684e+000
88 107 121
2 13 206 -257.6100 283.3900 14 278 -276.9000 300.8200
-1.4500088354e+000 1.0528709139e+000 3.8417712840e+000
46 90 80
2 13 208 -230.0100 335.4100 14 219 -248.8700 357.0700
4.1567652723e-003 -6.4058054459e-001 3.2572482380e+000
172 183 189
2 13 217 69.2000 -207.7400 14 225 57.9200 -117.7100
-3.4230282945e-004 -6.2186196931e-001 3.1661629709e+000
78 68 51
4 13 220 47.3500 -193.6700 14 153 30.9900 -99.8300 15 95 67.1200 -24.9700 16 103 38.5400 -36.2900
-2.7143396751e-002 -6.2399998275e-001 3.1278223965e+000
85 76 61
4 13 221 29.8200 -192.3700 14 155 10.7900 -98.3700 15 97 43.8000 -22.8500 16 61 13.9000 -32.5100
-2.7143396751e-002 -6.2399998275e-001 3.1278223965e+000
85 76 61
4 13 222 29.8200 -192.3700 14 156 10.7900 -98.3700 15 98 43.8000 -22.8500 16 62 13.9000 -32.5100
-6.6497578173e-002 -6.2420741430e-001 3.1080454599e+000
90 82 63
4 13 223 12.1100 -192.6200 14 154 -8.8700 -99.3600 15 96 20.9900 -24.5400 16 104 -10.2100 -36.3700
-9.6463143815e-002 -6.2634560686e-001 3.0722547852e+000
112 102 85
4 13 224 -6.3100 -191.5800 14 157 -29.8400 -98.5500 15 99 -3.0100 -23.1900 16 60 -34.7700 -34.1500
-1.4193963849e-001 -6.2652699571e-001 3.0285320883e+000
92 84 66
3 13 225 -31.1000 -190.0800 14 158 -58.3000 -97.1900 15 100 -36.2300 -21.3600
-1.8746537736e-001 -6.1483033430e-001 3.0456173054e+000
85 79 63
2 13 226 -40.4100 -189.4800 14 159 -69.1900 -97.0200
-1.7305118098e-001 -6.2903908619e-001 2.9951775926e+000
90 83 65
4 13 227 -49.5200 -189.4300 14 160 -79.1200 -96.8600 15 60 -59.1900 -20.8100 16 63 -94.3000 -31.5600
-4.2614584250e-001 -6.3923979192e-001 2.8249495019e+000
131 124 105
3 13 228 -171.6900 -189.0700 14 227 -217.7300 -102.5700 15 199 -220.8400 -30.2200
1.4480571562e-002 -5.4066692672e-001 2.8684399741e+000
129 114 93
4 13 230 -17.0400 -139.2400 14 164 -45.4500 -26.4100 15 104 -18.5500 75.0300 16 109 -54.4400 82.7900
5.7387527243e-002 -4.6949144537e-001 2.7090363767e+000
123 106 81
2 13 232 -40.3700 -98.6700 14 174 -74.5500 28.6100
5.7387527243e-002 -4.6949144537e-001 2.7090363767e+000
123 106 81
2 13 233 -40.3700 -98.6700 14 175 -74.5500 28.6100
8.5761154721e-002 -4.5208257749e-001 2.6742395925e+000
123 106 80
2 13 235 -39.3200 -88.1600 14 179 -74.0100 43.2600
3.6971961591e-001 -4.3670521052e-001 2.8297728247e+000
126 109 84
2 13 236 89.2800 -82.4800 14 181 74.3000 54.9000
1.1363983470e-001 -4.3364975388e-001 2.6326767997e+000
129 112 86
4 13 237 -40.0800 -77.0100 14 182 -75.5700 58.7300 15 71 -49.7000 192.2300 16 84 -88.4600 212.3700
-8.3101749687e-002 1.6187387340e-001 2.9951737668e+000
65 63 52
2 13 252 -9.3800 118.8500 14 434 -37.4700 245.5800
-1.3836200406e+000 8.8861713471e-001 3.9573144346e+000
123 132 149
2 13 263 -184.3200 267.7300 14 210 -202.0200 287.6900
-1.9127634165e+000 9.5857364901e-001 3.6721441728e+000
143 160 171
2 13 268 -412.8200 293.7300 14 279 -433.6500 303.5700
-1.7210724852e+000 9.8816937665e-001 3.8037911676e+000
134 162 183
2 13 270 -323.0800 302.6700 14 281 -341.6900 314.5400
-1.4332959910e+000 9.8365254681e-001 3.8592680463e+000
3 37 14
2 13 271 -221.3300 308.8600 14 287 -240.6300 330.7500
-1.4500860236e+000 1.0121915361e+000 3.8318207977e+000
9 60 33
2 13 277 -232.4400 321.0200 14 289 -252.4200 343.2400
-1.4500860236e+000 1.0121915361e+000 3.8318207977e+000
9 60 33
2 13 278 -232.4400 321.0200 14 290 -252.4200 343.2400
-6.0979386002e-002 -6.5884838537e-001 3.1497245071e+000
164 176 184
3 13 290 23.5200 -208.6700 14 301 4.2700 -118.9500 15 309 36.0200 -48.6800
-1.5124004856e-001 -6.1505928545e-001 3.0761195198e+000
95 84 66
2 13 291 -21.9600 -190.4800 14 228 -47.6100 -97.7800
-1.5415978538e-001 -6.1670763041e-001 2.9810693384e+000
134 121 102
4 13 293 -45.7800 -183.1000 14 230 -75.5100 -88.2300 15 151 -55.9000 -9.3600 16 146 -91.5000 -18.0400
-4.1324011564e-002 -5.7840438190e-001 2.9780478511e+000
125 114 96
3 13 294 -9.4100 -164.6200 14 231 -35.7300 -61.2500 15 154 -8.8100 27.3300
2.1385572474e-001 -5.6102981304e-001 3.1544779115e+000
87 74 58
4 13 295 113.8300 -161.2500 14 233 105.0700 -53.3300 15 156 157.5000 38.3100 16 155 128.9100 41.0100
-4.4092740242e-002 -5.6784618826e-001 2.9470369659e+000
123 113 95
2 13 298 -17.5700 -158.5300 14 326 -44.9600 -52.9500
-9.5145560861e-002 -5.6480229013e-001 2.8896703310e+000
129 118 96
3 13 299 -47.6300 -154.6100 14 235 -79.7100 -49.3100 15 158 -59.4400 43.5700
-1.4151964727e-002 -5.5897843110e-001 2.9375285945e+000
120 111 94
3 13 300 -10.2300 -152.9900 14 239 -37.0300 -45.6400 15 163 -9.4100 49.1000
1.5628000991e-001 -5.4765315685e-001 3.0510306808e+000
91 79 66
4 13 301 72.0400 -150.5000 14 242 56.7600 -39.8300 15 103 100.3800 56.6600 16 67 67.6700 61.9800
-6.1955095790e-002 -5.4819213844e-001 2.8383012826e+000
126 112 90
4 13 304 -48.6800 -142.6900 14 243 -81.6800 -32.9700 15 166 -61.2200 66.2500 16 161 -98.2100 70.4800
-4.5028520271e-002 -5.3829946488e-001 2.8139834184e+000
130 116 91
4 13 305 -48.7200 -136.5600 14 244 -82.1600 -23.9600 15 168 -61.5300 78.4000 16 164 -99.0000 85.0900
1.6190799912e-001 -5.1931413427e-001 2.9489084874e+000
128 113 92
4 13 308 49.5800 -131.5800 14 245 30.4700 -14.3500 15 169 71.2500 92.0300 16 165 36.7000 102.6900
1.0356490765e-002 -5.0404790165e-001 2.7814178141e+000
126 110 84
3 13 312 -38.9500 -119.1100 14 169 -71.4800 -0.1100 15 111 -46.9700 110.9600
1.1379191383e-001 -4.7124432864e-001 2.7705820730e+000
124 109 86
4 13 314 -7.2600 -101.6300 14 346 -36.6700 24.7800 15 243 -5.8800 144.6700 16 250 -43.6700 160.0800
1.0900748793e-001 -2.4158931397e-001 2.6862608186e+000
147 136 112
2 13 332 -25.9400 -6.0700 14 371 -59.9500 134.9800
1.0900748793e-001 -2.4158931397e-001 2.6862608186e+000
147 136 112
2 13 333 -25.9400 -6.0700 14 372 -59.9500 134.9800
1.9218086912e-002 -2.4403731112e-001 2.6074953400e+000
145 136 107
2 13 334 -73.5500 -4.7000 14 374 -114.9100 136.2900
1.2583983563e-001 -1.7052330022e-001 2.7629381013e+000
62 57 47
2 13 348 -1.5700 16.4100 14 381 -31.2300 156.7200
-1.6259850587e-002 -1.4645889317e-001 2.6965173740e+000
154 142 119
2 13 355 -62.4200 25.0600 14 390 -100.9600 162.7900
7.8005951352e-002 -1.3495059331e-001 2.7727427611e+000
65 62 53
2 13 356 -14.0800 27.5500 14 259 -45.3700 166.1400
-1.9161028751e-003 -3.6323619193e-002 2.8405504033e+000
67 63 50
2 13 371 -22.2800 57.4000 14 416 -53.9100 191.3300
-4.3495999989e-002 1.4797849753e-001 3.0110263384e+000
71 64 54
2 13 384 6.6700 113.8800 14 433 -19.2300 241.4000
-1.3890692925e-001 2.1713696220e-001 3.0184864814e+000
160 148 125
2 13 387 -21.2900 136.0200 14 647 -49.7300 260.0200
-1.9950918828e+000 9.9115481990e-001 3.6198537161e+000
124 156 177
2 13 404 -449.6900 306.5800 14 282 -471.2200 314.8600
-1.4221275449e+000 9.8628458569e-001 3.8729004684e+000
79 109 103
2 13 406 -214.8100 309.2300 14 286 -233.5900 331.0100
-1.4262385786e+000 1.0339882813e+000 3.8536995450e+000
97 133 126
2 13 410 -220.0000 328.4400 14 448 -238.9800 350.6600
2.8409429171e-001 -7.6687535072e-001 3.4293839989e+000
197 210 219
4 13 414 196.5900 -260.1800 14 452 203.2600 -168.9800 15 473 273.0700 -101.2100 16 433 258.7300 -107.4800
1.7241840612e-001 -7.3079170145e-001 3.3399643298e+000
188 205 213
4 13 419 142.5200 -243.3700 14 456 140.1800 -152.5700 15 303 196.4700 -83.7000 16 438 175.7200 -92.3200
1.8051660974e-001 -7.3556958015e-001 3.3281250422e+000
188 205 213
3 13 420 142.5200 -243.3700 14 457 140.1800 -152.5700 15 304 196.4700 -83.7000
3.0154209234e-001 -6.2519742637e-001 3.4795060331e+000
163 174 180
2 13 428 217.1600 -206.6000 14 467 224.4200 -113.7700
-3.1493906066e-002 -6.4687969704e-001 3.1921173966e+000
166 176 185
4 13 429 43.4200 -206.1600 14 302 26.5500 -116.6800 15 311 61.9200 -46.6500 16 294 33.5000 -61.0400
8.6308806832e-002 -6.2498194854e-001 3.2499743273e+000
119 110 93
3 13 431 95.0100 -197.7900 14 303 85.2200 -104.0100 15 198 130.4000 -30.3900
-3.9324348484e-002 -6.2121310589e-001 3.1086302131e+000
74 62 46
4 13 433 21.7700 -190.2900 14 306 1.0900 -95.9400 15 205 32.6600 -19.5100 16 144 1.8200 -28.8400
2.2104181714e-002 -6.1336251794e-001 3.1532080113e+000
127 116 97
4 13 434 51.7600 -188.5200 14 307 35.5800 -92.6900 15 207 72.8100 -15.0900 16 202 44.0800 -24.0000
-1.4002579351e-001 -6.0581864157e-001 2.9589311971e+000
135 124 105
4 13 436 -46.5400 -177.0100 14 310 -76.4400 -79.2900 15 210 -56.7300 2.4300 16 147 -92.5600 -4.2900
-8.1565374314e-002 -6.0037771114e-001 3.0085771928e+000
81 74 56
3 13 437 -15.9300 -176.4500 14 311 -42.0000 -78.2800 15 211 -16.3400 4.4700
2.7445414398e-001 -5.6152801743e-001 3.2335017212e+000
126 114 93
4 13 438 151.7400 -165.3700 14 489 148.1800 -58.0900 15 216 208.5700 32.0100 16 333 182.0000 32.5600
1.0942146385e-001 -5.6817045601e-001 3.0768718813e+000
127 114 95
4 13 439 62.2000 -162.0300 14 317 46.4300 -56.0700 15 218 87.7300 34.6100 16 216 56.6300 35.7100
2.6146288695e-002 -5.6878858768e-001 3.0202176592e+000
80 68 54
3 13 440 21.9500 -161.4800 14 318 0.3000 -56.4400 15 217 33.9300 33.6300
1.8342183201e-001 -5.6241471761e-001 3.1287105944e+000
74 66 49
4 13 441 98.1700 -161.0600 14 321 87.4500 -53.3500 15 157 135.9700 38.1200 16 154 106.6600 40.6700
1.2439360126e-001 -5.6136152862e-001 3.0812506610e+000
75 62 45
3 13 444 68.0800 -159.5400 14 324 52.7700 -52.2700 15 222 95.5700 39.9000
-3.5561690798e-002 -5.7184102605e-001 2.9374434301e+000
122 114 95
4 13 445 -17.9400 -158.1300 14 325 -44.9600 -52.9500 15 220 -18.2000 38.5400 16 153 -53.1700 39.5900
9.1824842495e-002 -5.5757507009e-001 3.0425504643e+000
82 70 54
3 13 447 48.6700 -156.5100 14 329 30.4600 -48.5900 15 159 69.1800 44.5700
8.0749372908e-002 -5.6013373430e-001 3.0264518566e+000
79 66 50
2 13 448 41.2300 -156.5400 14 328 22.2000 -49.0000
2.9715557039e-002 -5.3857101206e-001 2.9034568287e+000
95 84 66
3 13 455 -3.9100 -141.0500 14 336 -30.5000 -28.5800 15 229 -0.8900 72.5300
4.1421457302e-004 -5.4324700390e-001 2.8630221259e+000
99 88 70
4 13 456 -22.6700 -140.1900 14 337 -51.9500 -28.3700 15 231 -26.4700 72.7800 16 228 -62.5600 80.0800
1.0352357231e-001 -5.1950392151e-001 2.8909335405e+000
125 110 89
4 13 458 16.8800 -129.5900 14 340 -6.9900 -12.2300 15 237 27.7400 94.9000 16 240 -7.9900 105.1200
6.9715018215e-002 -5.0864924083e-001 2.8350921620e+000
124 109 90
3 13 460 -6.6800 -122.7100 14 341 -34.7600 -3.7200 16 242 -41.6000 116.8700
1.0094536050e-001 -4.8476256230e-001 2.7926094755e+000
125 110 89
2 13 464 -6.5500 -109.0800 14 345 -35.3000 14.9300
1.9942477804e-002 -4.6312715657e-001 2.6920221467e+000
121 105 82
2 13 466 -56.0900 -96.3500 14 539 -93.1100 30.2300
1.5883617622e-001 -4.5140549131e-001 2.7134627502e+000
119 107 84
2 13 467 -6.2200 -87.8600 14 347 -36.4200 44.8700
1.5883617622e-001 -4.5140549131e-001 2.7134627502e+000
119 107 84
2 13 468 -6.2200 -87.8600 14 348 -36.4200 44.8700
5.5907749246e-002 -4.5170583993e-001 2.6376957284e+000
125 111 87
4 13 469 -56.7600 -86.6000 14 349 -94.7700 44.9200 15 392 -73.7800 173.0900 16 392 -112.8000 190.9600
8.8522571781e-002 -4.3091755654e-001 2.5878575304e+000
121 107 81
4 13 471 -57.4700 -73.9800 14 555 -96.9100 63.5500 15 407 -75.4900 199.0400 16 416 -114.9600 220.0100
8.8522571781e-002 -4.3091755654e-001 2.5878575304e+000
121 107 81
4 13 472 -57.4700 -73.9800 14 556 -96.9100 63.5500 15 408 -75.4900 199.0400 16 417 -114.9600 220.0100
1.8063385907e-002 -2.3156955303e-001 2.6259737824e+000
71 60 52
2 13 484 -69.2100 -1.2600 14 579 -109.9800 139.0200
7.1468412101e-002 -1.4488953001e-001 2.7642415603e+000
146 139 118
2 13 493 -18.4300 24.0500 14 588 -50.1300 162.4600
7.1468412101e-002 -1.4488953001e-001 2.7642415603e+000
146 139 118
2 13 494 -18.4300 24.0500 14 589 -50.1300 162.4600
7.1468412101e-002 -1.4488953001e-001 2.7642415603e+000
146 139 118
2 13 495 -18.4300 24.0500 14 590 -50.1300 162.4600
-4.1493128278e-002 -8.0896433957e-002 2.7486345130e+000
149 140 117
2 13 505 -57.5400 45.4600 14 604 -94.1300 181.3200
3.2725842563e-002 -4.7960583734e-002 2.8457338218e+000
157 147 122
2 13 507 -10.3500 53.8700 14 611 -40.0400 188.9800
-4.0846496221e-003 -1.3009194519e-002 2.8398251355e+000
64 61 49
2 13 522 -23.2600 66.3300 14 423 -54.2600 201.1400
8.8065032999e-002 -2.9817958072e-003 2.9314891983e+000
67 62 56
2 13 523 28.0800 67.0000 14 621 4.0900 201.4800
-5.3677880446e-002 1.1422117304e-001 2.9734085468e+000
55 55 44
2 13 537 -5.7900 103.3200 14 634 -33.5500 231.5400
-6.8428437213e-002 1.2836067403e-001 2.9578584052e+000
71 64 50
2 13 538 -14.2300 109.3300 14 639 -42.6500 238.2000
-5.3947024910e-002 1.4452572497e-001 3.0041796588e+000
152 142 117
2 13 539 1.4000 112.6000 14 640 -24.5700 239.9600
-1.0077803223e-001 1.8557134228e-001 3.0134201872e+000
151 146 118
