# Bundle file v0.3
20 985
9.6849125285e+004 -6.9524014197e-004 -7.0493441301e-009
5.6773592499e-001 8.1866224913e-001 -8.6417829855e-002
-7.1807753940e-001 4.4116082648e-001 -5.3827666918e-001
-4.0254262741e-001 3.6765370530e-001 8.3832582335e-001
-3.9217280012e-001 1.0582016352e+000 -1.2240893187e+002
4.3185858899e+003 7.3405025678e-002 5.1344788461e-004
9.5228147467e-002 7.6900694797e-001 6.3210751768e-001
-8.9910268846e-001 -2.0609713291e-001 3.8618431792e-001
4.2725397076e-001 -6.0510518572e-001 6.7178996620e-001
-2.4444737543e+000 -1.3355252676e+000 -1.0194688168e+001
1.0593996784e+003 2.5643152564e-001 -5.0900952880e-001
-1.0424891097e-001 -8.0418042685e-001 -5.8517177447e-001
9.5766055269e-001 -2.3993109988e-001 1.5912049877e-001
-2.6836249809e-001 -5.4380778624e-001 7.9514442791e-001
2.7155473819e+000 1.3336163645e-001 -4.1690691126e+000
1.2788378840e+005 2.8463616174e-003 2.8926383864e-056
-2.6827364507e-001 -6.6657229166e-001 -6.9549308505e-001
7.6489817553e-001 2.9149746064e-001 -5.7442145809e-001
5.8562789588e-001 -6.8608353021e-001 4.3165884346e-001
2.6743067630e+000 1.2241820210e+000 -2.5645291113e+002
3.7224147972e+003 2.5782777070e-001 -2.3335774762e-003
-1.7058391982e-001 -6.7877568050e-001 -7.1425814791e-001
9.4672897625e-001 8.8033986154e-002 -3.0976485082e-001
2.7313983932e-001 -7.2904978763e-001 6.2759942267e-001
2.6753013164e+000 2.7159443884e-001 -9.3614567306e+000
1.8804563849e+003 -1.9720800759e-001 3.0775108795e-002
1.6949866876e-001 7.7045213615e-001 6.1455163102e-001
-8.0355651746e-001 -2.5298515464e-001 5.3879071519e-001
5.7058489687e-001 -5.8515127739e-001 5.7622118847e-001
-2.0040476488e+000 -6.3236092784e-001 -5.6923012681e+000
1.9286244909e+005 -2.4457829406e-004 -2.6155226667e-124
9.6731803050e-002 8.2720074256e-001 5.5351774117e-001
-9.3569608521e-001 2.6515376898e-001 -2.3273657840e-001
-3.3928718574e-001 -4.9541135464e-001 7.9965729865e-001
-2.2306105707e+000 6.5147972284e-001 -4.1924998262e+002
4.3932739852e+003 1.6448876425e-002 -2.4080858301e-005
-8.2893976900e-002 -8.0123670876e-001 -5.9257769544e-001
8.2720108182e-001 2.7628749115e-001 -4.8928886403e-001
5.5575800384e-001 -5.3074001052e-001 6.3988130337e-001
2.1987868922e+000 1.2835528153e+000 6.2943985062e+000
8.9134837043e+002 -3.8319953391e-001 1.6377423095e-001
-2.5517015782e-001 6.5300645503e-001 7.1307135705e-001
-4.8964635247e-001 5.4865670886e-001 -6.7765940216e-001
-8.3374734786e-001 -5.2207124563e-001 1.7974140986e-001
-2.6855228884e+000 1.3626851917e+000 -1.7155388981e+000
3.2263696648e+003 9.7053522323e-002 2.1188617826e-002
1.1704828601e-001 8.9656713812e-001 4.2716163872e-001
-9.3911411856e-001 2.3983458431e-001 -2.4605699438e-001
-3.2305474932e-001 -3.7235297638e-001 8.7005108467e-001
-2.0255873702e+000 5.6585025126e-001 -6.2796972380e+000
5.7370572154e+005 -2.4233898485e-004 7.3509152094e-310
-9.2665880731e-001 -1.0562301101e-001 3.6075924711e-001
-2.0788010775e-001 -6.5561301535e-001 -7.2591833901e-001
3.1319213852e-001 -7.4767329339e-001 5.8557265195e-001
-7.2197391195e-001 2.6712825277e+000 -1.3513238468e+003
3.0500723474e+003 3.4239924295e-001 5.8432444923e-002
-9.5154906709e-001 -4.5592726724e-002 3.0409813577e-001
8.1759602415e-003 -9.9234852564e-001 -1.2319722943e-001
3.0738823430e-001 -1.1474191447e-001 9.4464107812e-001
-7.6799229297e-001 2.1542404154e+000 -9.6762740253e+000
2.0803514446e+003 -2.8498202415e-001 -9.7465351462e-003
-9.2026436926e-001 -1.6870708140e-002 3.9093333176e-001
1.1258567518e-001 -9.6823879525e-001 2.2324448733e-001
3.7475052557e-001 2.4945744043e-001 8.9293506427e-001
-1.0129523107e+000 9.6848025963e-001 -7.5523117514e+000
0 0 0
0 0 0
0 0 0
0 0 0
0 0 0
0 0 0
0 0 0
0 0 0
0 0 0
0 0 0
-1.7058528173e+003 -2.2682220521e-001 -1.2993954877e-002
9.6410948672e-001 5.5616579401e-002 -2.5961450981e-001
2.6267309302e-002 9.5303671894e-001 3.0171350784e-001
2.6420243388e-001 -2.9770422981e-001 9.1737084403e-001
6.3792377075e-001 -1.2034891089e+000 2.1327243050e+000
-1.6724320024e+003 3.8861529938e-002 -5.2996226314e-002
9.6450879888e-001 1.0849600089e-001 -2.4073095912e-001
-1.5478105023e-001 9.7093726721e-001 -1.8254766400e-001
2.1392896807e-001 2.1332941882e-001 9.5327066234e-001
7.3842853953e-001 -1.4050774654e-001 1.1040232768e+000
1.5372944273e+003 -1.0660625357e-001 3.5868838213e-002
9.4128208486e-001 1.5663346170e-001 -2.9908860794e-001
2.6118487933e-001 2.2352356388e-001 9.3905254123e-001
2.1394040181e-001 -9.6203075578e-001 1.6948843443e-001
8.2800641911e-001 -3.0291842234e+000 -3.7079748259e+000
0 0 0
0 0 0
0 0 0
0 0 0
0 0 0
0 0 0
0 0 0
0 0 0
0 0 0
0 0 0
-4.8849430630e-001 6.2336720561e-001 2.3694466836e+000
46 48 37
14 15 249 -177.2900 39.7500 16 373 -116.6400 57.0500 4 216 285.4600 -383.0100 5 364 -56.5800 328.1799 10 286 219.9700 273.9900 11 343 154.4200 495.4299 3 195 374.0100 -164.2400 6 413 -205.3300 334.0500 2 271 381.3000 -48.6900 7 363 -204.6100 65.3300 8 287 -313.0900 224.4500 9 292 -386.5600 445.3400 0 268 -298.9800 330.9200 1 462 -241.8000 -52.6200
-4.9388001112e-001 5.5440948447e-001 2.3200694276e+000
50 49 45
14 15 333 -176.7300 5.3200 16 363 -119.2000 26.5400 4 214 323.0500 -381.5300 5 361 -88.2400 326.5601 10 430 216.4800 308.0400 11 350 149.9301 523.7700 3 297 416.5900 -161.4000 6 628 -243.1000 333.9000 2 434 418.6400 -47.5900 7 364 -255.2000 66.1900 8 377 -367.8300 225.1300 9 294 -448.5400 444.6100 0 270 -343.5600 331.0400 1 464 -281.5200 -52.5300
-5.2022573991e-001 5.4306757680e-001 2.3108124133e+000
125 112 95
13 15 240 -188.3800 -2.5700 16 361 -132.0000 21.9700 4 209 330.5300 -392.9301 5 373 -94.9900 335.5300 10 297 227.3101 315.9200 11 354 159.1700 528.9399 3 192 427.5900 -174.3700 6 633 -250.3800 343.1799 2 265 429.2700 -56.8800 7 370 -267.5700 79.5800 8 292 -381.4900 241.8200 0 275 -353.8000 344.0100 1 470 -290.0200 -41.6900
-4.7554994171e-001 6.9263728584e-001 2.4178614814e+000
43 43 38
13 15 350 -173.3400 74.2200 16 537 -108.3400 85.5400 4 358 247.9500 -380.0200 5 528 -24.6200 326.5100 10 410 218.7400 238.9800 11 339 154.2000 466.8500 3 294 330.5800 -162.0700 6 624 -167.4600 331.9800 2 436 343.8900 -46.9800 7 469 -152.4400 62.6300 8 375 -257.0100 220.2500 9 288 -323.4800 440.8300 0 340 -253.5900 327.8201
-4.7949543132e-001 6.6163966786e-001 2.3992755231e+000
56 47 42
10 15 518 -173.7600 59.0100 16 1121 -109.7800 72.3100 5 529 -38.6500 326.4500 10 575 217.7800 254.5800 6 626 -183.8200 332.7900 7 471 -174.4400 63.4400 8 542 -280.9300 220.5700 9 414 -350.8000 441.6100 0 342 -273.0900 328.3101 1 606 -218.2100 -54.4500
-4.7947143719e-001 6.6167314675e-001 2.3974947661e+000
56 47 42
13 15 519 -173.7600 59.0100 16 1122 -109.7800 72.3100 4 357 264.5200 -380.3600 5 530 -38.6500 326.4500 10 574 217.7800 254.5800 3 293 349.7200 -162.3800 6 627 -183.8200 332.7900 2 435 359.9100 -47.1600 7 472 -174.4400 63.4400 8 543 -280.9300 220.5700 9 415 -350.8000 441.6100 0 343 -273.0900 328.3101 1 607 -218.2100 -54.4500
-5.1262814829e-001 4.6993163101e-001 2.2567414366e+000
127 113 94
10 15 321 -182.7600 -38.1300 16 520 -129.3900 -7.8000 4 349 369.2800 -386.2200 5 532 -129.3500 329.8400 10 441 219.2700 351.0800 11 369 151.0100 556.1799 3 292 470.9500 -165.3800 8 379 -437.0200 233.0600 9 299 -524.8300 452.7000 0 345 -397.3000 336.8500
-5.2507332630e-001 5.0377956927e-001 2.2806165688e+000
126 114 93
14 15 328 -188.6300 -22.6100 16 523 -135.5600 5.6700 4 346 352.1500 -392.5800 5 535 -113.9300 334.2500 10 435 226.0800 335.7100 11 547 158.0900 544.2100 3 287 452.3500 -173.5700 6 630 -274.5700 342.0900 2 427 450.8300 -56.4400 7 479 -297.9900 80.2200 8 382 -412.9800 243.1600 9 423 -497.9700 465.7300 0 347 -378.4800 345.6000 1 612 -313.7100 -41.6000
-5.3462416990e-001 6.9701315278e-001 2.4228759878e+000
49 50 44
11 15 351 -199.2300 74.5000 16 538 -138.4700 86.8600 5 377 -24.6100 346.0800 10 411 244.3700 239.3100 11 340 178.8700 467.4700 3 282 333.7200 -191.2400 6 638 -166.3700 349.6000 2 417 346.7500 -67.2900 7 375 -153.1400 91.1700 8 390 -258.1400 257.4400 9 305 -323.7300 487.4100
-5.4987558548e-001 5.8481823181e-001 2.3418960466e+000
49 46 37
12 15 495 -201.8200 18.6200 16 1104 -147.7400 40.6800 4 495 307.7800 -407.1600 5 770 -76.0300 346.1200 10 598 242.4000 295.3000 11 721 175.1400 512.5300 3 425 403.2600 -190.5700 2 592 408.3900 -67.5800 7 489 -237.9500 93.0300 8 567 -349.3100 260.8400 9 449 -426.2400 488.6400 1 623 -266.4000 -29.9100
-5.5209494938e-001 5.5914855645e-001 2.3230056009e+000
44 45 38
11 15 334 -201.5200 5.9200 16 750 -148.4700 29.6500 4 332 321.5200 -406.6200 5 551 -87.6300 345.4399 10 602 241.0400 307.8900 11 543 173.0601 522.9399 3 426 418.9500 -189.7200 7 490 -256.7200 93.0100 8 391 -370.0400 260.6300 9 450 -449.8900 488.5800 1 476 -282.1900 -30.6700
-4.6915089724e-001 7.3042146265e-001 2.4466440926e+000
49 39 33
13 15 534 -172.3200 92.3800 16 780 -106.4900 97.9900 4 525 227.6200 -379.4500 5 741 -7.5700 326.0800 10 549 219.0900 220.6300 11 506 155.2500 453.5100 3 451 307.8600 -161.5400 6 1098 -144.6000 330.0200 7 945 -121.5900 60.4800 8 784 -224.8200 217.8300 9 645 -287.6900 438.8400 0 483 -228.6900 326.2900 1 822 -177.7300 -55.8200
-4.8623955862e-001 5.8135084694e-001 2.3387951597e+000
47 43 34
13 15 494 -174.4600 18.7700 16 1103 -114.2400 39.5600 4 523 308.2400 -379.5500 5 739 -76.1500 325.0601 10 597 215.5601 294.9200 11 720 148.8700 511.9900 3 452 399.7100 -160.2600 6 814 -229.2400 332.6700 7 473 -234.8200 63.9800 8 544 -345.7300 221.8800 9 416 -423.2700 441.1700 0 485 -324.6300 328.4100 1 608 -265.1500 -54.7200
-4.8781793969e-001 7.0719470381e-001 2.4279936130e+000
123 109 86
13 15 353 -179.5800 80.9600 16 774 -114.9100 90.8300 4 350 240.6200 -386.5100 5 533 -18.2400 331.2900 10 409 225.3800 232.3100 11 521 160.8700 461.9700 3 443 323.1600 -169.4300 2 611 337.3101 -51.7700 7 676 -143.2800 68.9500 8 547 -247.0500 228.4200 9 418 -312.2400 451.4700 0 488 -245.6600 334.7300 1 825 -193.2800 -49.1600
-5.0063982636e-001 8.2362780167e-001 2.5111434286e+000
131 113 95
14 15 372 -189.2200 135.6200 16 799 -121.4600 133.3100 4 340 179.7500 -398.3800 5 543 33.6600 341.0500 10 390 239.9301 175.7200 11 486 176.6801 416.5400 3 431 254.4500 -184.0500 6 825 -96.6100 343.0800 7 478 -57.4200 79.9200 8 553 -155.5700 242.0000 9 427 -209.2600 470.3400 0 494 -173.2400 346.5000 1 831 -126.7100 -39.5500 12 553 164.1100 265.8200
-4.6215326469e-001 7.9589426638e-001 2.4930226438e+000
50 45 37
13 15 702 -171.1500 124.7700 16 1607 -102.2300 123.9700 4 694 192.1000 -379.2100 5 986 23.2700 326.2700 10 737 220.6000 187.0800 11 897 157.5000 425.5500 3 643 266.8600 -162.5700 2 808 286.4600 -46.5100 7 669 -73.4800 59.6500 8 779 -173.2300 215.8600 9 641 -228.9000 437.5500 0 696 -187.3300 324.9500 1 818 -140.2000 -56.1100
-4.7712713847e-001 8.6899295098e-001 2.5433824467e+000
116 101 80
15 15 570 -180.0100 158.6500 16 1148 -109.4200 150.2800 4 513 154.0601 -389.4800 5 753 55.4301 334.8500 10 514 232.2800 151.4400 11 679 170.2400 396.8300 3 441 224.5400 -174.7600 6 818 -70.5700 336.5000 2 608 249.8199 -54.9100 7 678 -21.7300 70.8900 8 549 -117.4400 229.7600 9 650 -165.7200 455.3800 0 701 -143.2900 335.7200 1 827 -99.8000 -48.1800 12 857 159.3800 252.7300
-5.0862594631e-001 8.8780498145e-001 2.5541250398e+000
61 48 34
12 15 963 -194.1700 165.0600 16 1631 -124.8300 155.2000 4 837 147.0500 -404.5400 5 1383 61.0200 346.2600 10 865 247.2600 145.0800 11 868 184.7100 392.2800 3 820 217.4399 -191.7600 2 1367 243.2100 -67.1100 8 1123 -106.3200 250.0500 9 1315 -153.3400 480.9299 0 704 -134.2800 352.7600 1 1121 -91.1400 -34.5900
-5.1380870574e-001 8.3181544699e-001 2.5143356819e+000
48 38 25
12 15 1351 -194.6900 138.3600 16 2287 -127.8000 135.7100 4 839 176.7700 -404.1600 5 1381 36.2200 345.5100 10 1071 245.5200 173.2500 11 1097 181.9100 414.7200 3 1035 251.9600 -190.8400 2 1369 273.5200 -66.5900 8 1567 -151.2800 250.9300 9 1317 -203.8900 481.1600 0 957 -170.2600 353.2100 1 1490 -124.0500 -34.2600
-5.2155495928e-001 8.1815612437e-001 2.5015475815e+000
40 33 21
12 15 1341 -197.8500 131.3600 16 2278 -131.6700 130.0600 4 835 184.6500 -407.2500 5 1386 28.9700 347.6600 10 1088 248.0900 180.6900 11 1106 184.2000 421.1799 2 1359 282.4100 -69.2400 7 1281 -63.6200 90.9600 8 1129 -163.4900 255.8800 9 977 -218.2200 487.1899 0 959 -179.5100 357.3300 1 1492 -131.9900 -31.0000
2.1122125339e-001 6.0410876105e-001 2.0738882771e+000
64 52 35
7 15 879 147.5601 4.5500 16 2149 261.8101 17.5200 4 944 331.3700 -50.9300 10 960 -101.2200 309.1700 11 1191 -146.4100 520.9600 3 1182 381.4000 186.1200 0 1029 30.8199 47.6000
1.9427531609e-001 6.3397501264e-001 2.1010860834e+000
58 44 31
6 15 1232 136.9800 20.1700 16 2171 248.4500 31.0700 4 917 313.9399 -61.3000 5 1231 -77.0300 72.8600 10 1196 -90.6700 293.4900 11 1178 -136.6600 508.3500
2.3961942830e-001 8.5577878941e-001 2.2544926591e+000
62 53 36
6 15 1909 140.0000 128.7000 16 3416 246.8199 117.9800 4 1269 194.0300 -54.3900 10 1096 -95.1100 181.7100 11 1485 -141.1200 418.5000 6 1784 -117.2100 56.4100
-4.7280760911e-001 8.1601727455e-001 2.4987322969e+000
43 33 21
9 15 1343 -176.8200 131.7300 16 2277 -108.2300 129.4200 4 1116 184.2000 -385.2400 5 1941 29.7700 331.1300 10 1087 226.7000 179.7600 11 1103 164.0400 419.9700 3 1049 258.5100 -169.0700 6 3185 -100.1500 333.3101 2 1987 279.0699 -50.9800
1.9420788109e-001 6.6521321752e-001 2.1197332763e+000
49 36 17
5 15 1246 135.4301 35.2100 16 2185 246.5699 43.3100 4 1256 297.6500 -61.8100 10 1184 -89.5800 278.5701 0 1419 62.3500 58.1200
-5.4054559448e-001 6.6603011322e-001 2.3986866382e+000
58 51 45
11 15 516 -200.1600 58.8500 16 1123 -141.9800 73.4300 4 497 264.4600 -406.7700 5 549 -39.0200 345.6600 10 577 243.7600 255.1900 11 700 178.0300 480.9000 3 423 353.1400 -190.9200 7 486 -176.4900 91.5500 8 564 -283.6300 258.5400 9 446 -353.2100 487.9100 1 622 -218.8500 -30.9000
-4.6023661873e-001 8.3060368593e-001 2.5145364877e+000
53 39 26
13 15 705 -171.8200 139.7800 16 1609 -101.1800 135.3500 4 690 174.9600 -382.8500 5 750 37.8101 328.2600 10 729 222.6400 171.1000 11 886 159.2500 412.7500 3 641 247.6200 -164.8700 6 1101 -91.3700 330.6400 2 801 269.4301 -47.9600 7 675 -49.7000 61.0600 8 783 -147.9300 217.9600 9 644 -200.3800 439.8700 1 821 -122.0200 -55.0700
2.1529286226e-001 8.1161066444e-001 2.2240001697e+000
53 40 30
8 15 925 133.6200 106.9100 16 1588 240.7900 101.2100 4 919 218.6100 -61.7500 5 1234 9.1400 74.2100 10 912 -88.3300 204.9400 3 1477 263.0300 171.5500 6 1287 -145.2900 64.6200 12 1385 -138.5300 271.3600
-5.2802043209e-001 7.8922326242e-001 2.4859992295e+000
48 39 32
11 15 932 -198.4400 118.6600 16 1606 -133.4700 120.7900 4 834 198.7100 -407.5800 5 1387 17.1800 347.7000 10 904 247.6400 194.0600 3 1032 277.7000 -193.8700 2 1363 296.6100 -69.1600 7 1283 -83.8500 91.1900 8 1573 -184.2800 256.2300 9 1319 -241.1100 487.3000 1 1493 -147.4800 -30.6900
-5.3060373538e-001 7.5763451825e-001 2.4638926868e+000
46 37 23
11 15 1310 -198.7400 103.5400 16 2245 -135.0600 108.9400 4 1079 215.5699 -407.1801 5 1977 2.9100 347.2300 11 1126 181.6400 444.1100 3 1287 296.7800 -193.2300 2 1362 313.2300 -69.0600 7 1723 -107.2100 91.3800 8 1575 -209.2800 256.6800 9 1320 -269.4500 487.3500 1 1495 -165.5500 -30.6200
-1.2936256857e-001 9.3820147753e-001 2.4632790302e+000
53 52 47
9 15 37 -29.7800 179.3700 16 53 56.1000 151.5800 5 48 81.2300 212.6300 10 38 80.2100 126.6400 11 51 25.9800 376.8000 3 42 184.8400 -3.8500 6 37 -43.9200 211.8700 2 84 209.5300 68.2500 12 45 21.4301 241.6300
-2.3975804134e-001 7.2975826271e-001 2.3369053257e+000
130 113 95
9 15 50 -67.5000 79.9700 16 95 12.6500 84.8200 4 53 242.9900 -270.6300 5 61 -17.4900 242.7200 10 61 113.5400 231.7200 11 94 55.1100 460.2900 3 69 311.8800 -41.9900 6 108 -161.7500 245.6300 2 103 322.0800 40.1000
-3.2432164592e-001 9.7320298922e-001 2.5540592549e+000
53 49 44
10 15 188 -116.1800 199.9800 16 391 -35.7700 177.9600 4 97 107.1200 -324.3500 5 131 98.1200 285.8800 10 167 170.3300 105.2600 11 150 111.9900 357.2800 3 128 165.4900 -103.4400 6 252 -21.0200 286.3500 2 178 195.9900 -3.2200 12 246 106.0800 225.6400
-3.2474020898e-001 9.7337403484e-001 2.5541431924e+000
53 49 44
9 15 187 -116.1800 199.9800 16 390 -35.7700 177.9600 4 98 107.1200 -324.3500 5 132 98.1200 285.8800 10 168 170.3300 105.2600 11 151 111.9900 357.2800 3 129 165.4900 -103.4400 6 253 -21.0200 286.3500 2 179 195.9900 -3.2200
-3.1454099789e-001 5.4373991569e-001 2.2175228397e+000
124 110 89
8 15 109 -92.0800 -10.6500 16 188 -23.5600 15.3200 5 196 -105.1900 256.3300 10 188 130.3300 324.5500 11 164 73.2300 533.0601 3 138 425.6100 -64.3700 6 244 -271.3500 266.1200 2 184 422.1600 23.9500
-1.2775370266e-001 7.6439087584e-001 2.3260871696e+000
49 50 44
9 15 122 -19.1400 96.0200 16 136 65.8199 90.3200 4 114 226.2700 -220.6400 5 119 -2.3300 203.6500 11 116 10.5300 448.6400 3 156 288.8101 11.0200 6 170 -147.8800 204.8500 2 196 300.6500 78.2300 12 106 0.3200 285.6600
3.0874997896e-001 6.9724559791e-001 2.1124175424e+000
140 133 117
8 15 117 183.9700 49.1200 16 190 302.1801 53.4400 4 126 283.6300 -11.7500 5 112 -48.8100 31.1900 10 133 -137.7700 264.1200 11 162 -180.7900 484.6200 3 170 326.9100 221.1400 2 207 326.2400 221.9800
-3.0819964791e-001 1.2238347649e+000 2.7383407111e+000
44 44 35
7 15 415 -121.1200 314.5200 16 830 -36.5400 259.1100 10 344 182.8700 -23.4300 11 283 128.1600 248.9700 3 304 16.5100 -113.6800 6 404 117.2800 285.5400 2 274 65.5900 -6.6800
-2.9910465492e-001 9.5645736995e-001 2.5316008654e+000
129 114 94
9 15 276 -104.6000 191.5000 16 812 -26.5300 171.4300 4 241 117.3101 -310.4900 5 333 89.8600 274.9299 10 252 157.4900 114.5700 11 312 100.0000 364.9600 3 212 175.8800 -88.7100 6 393 -31.8000 274.5800 2 289 204.7400 8.2800
-3.2304192200e-001 7.1527521519e-001 2.3590690043e+000
46 46 39
8 15 252 -105.4100 76.5900 16 376 -31.1300 84.9200 4 242 246.3600 -309.2100 5 330 -21.9100 272.0701 10 281 150.5400 235.9700 11 338 90.6899 463.9900 3 219 320.4100 -82.9500 2 291 331.3900 12.1700
-2.5623571521e-001 9.2236356747e-001 2.4866162224e+000
128 113 91
10 15 382 -83.9600 173.5100 16 808 -0.7300 157.0300 4 256 138.0900 -288.8900 5 323 72.6300 258.0600 10 257 135.2400 133.8500 11 319 77.4000 380.8300 3 354 197.1700 -65.2000 6 381 -53.0400 259.7100 2 308 222.7500 23.5200 12 545 69.6100 239.8700
-2.5666387781e-001 9.2234443733e-001 2.4869288982e+000
128 113 91
9 15 383 -83.9600 173.5100 16 809 -0.7300 157.0300 4 257 138.0900 -288.8900 5 322 72.6300 258.0600 10 256 135.2400 133.8500 11 318 77.4000 380.8300 3 355 197.1700 -65.2000 6 380 -53.0400 259.7100 2 309 222.7500 23.5200
-2.6827753609e-001 7.3935361069e-001 2.3564616183e+000
128 111 90
8 15 358 -81.5400 86.8700 16 540 -5.3500 90.9000 4 266 235.7400 -284.4000 10 279 127.0900 225.7400 11 335 69.5100 455.6700 3 361 304.9800 -56.3800 6 371 -157.0800 254.9700 2 316 317.3800 31.1400
-2.4589357373e-001 8.8925150485e-001 2.4624817744e+000
52 48 41
8 15 182 -78.3600 158.7000 16 268 1.2100 145.1000 4 102 155.4700 -282.4399 10 118 128.5601 150.4200 11 153 71.7600 394.6700 3 142 215.8700 -56.9700 2 318 237.1801 31.2500 12 163 64.6801 249.9800
-2.3264544389e-001 9.3499711568e-001 2.4857923017e+000
50 50 43
9 15 274 -73.7800 178.3200 16 568 9.3800 159.6000 4 173 132.5500 -278.0800 5 192 78.0100 249.9700 10 377 123.7300 132.3300 11 215 67.8500 377.1400 3 241 190.0800 -53.1900 6 367 -44.4200 251.7400 2 319 214.7300 31.7500
-2.7582350101e-001 5.5168161024e-001 2.2236170629e+000
47 46 40
6 15 238 -75.4700 -5.8800 16 355 -0.4100 13.0900 4 273 336.0900 -278.8000 5 305 -98.6800 247.8300 11 357 56.6400 530.8300 2 321 412.0601 33.4900
-2.2544285531e-001 9.7792789607e-001 2.5166225552e+000
42 41 37
9 15 279 -72.8900 198.4600 16 572 10.7500 175.1700 4 277 109.8101 -277.1200 5 309 97.4700 249.3200 10 247 124.8400 106.9300 11 310 68.5200 358.5300 3 242 164.7900 -53.0400 6 365 -21.9900 249.3600 2 323 193.6000 32.8300
-2.8292367721e-001 5.2726060449e-001 2.1957948428e+000
44 48 42
9 15 233 -76.6100 -20.3400 16 259 -1.8500 5.0700 4 272 351.4500 -279.2000 5 306 -112.6900 247.7800 10 302 117.1500 331.9700 11 244 56.2900 539.3300 3 243 434.6600 -47.4600 6 372 -282.8500 256.0100 2 326 429.9800 35.0100
-5.4367190017e-001 6.3413384206e-001 2.3802289238e+000
49 47 39
11 15 510 -200.5800 43.7400 16 758 -143.6800 61.1700 4 333 280.8101 -406.3101 5 550 -53.0200 345.7100 10 584 243.2100 270.3900 11 712 176.9200 492.9800 3 280 371.9700 -190.1900 2 419 380.4800 -66.7700 8 565 -307.8700 258.7200 9 447 -380.1400 487.4399 12 1416 154.2300 313.1500
-5.3955781294e-001 6.6424680109e-001 2.4044826585e+000
58 51 45
9 15 517 -200.1600 58.8500 16 1124 -141.9800 73.4300 4 496 264.4600 -406.7700 5 548 -39.0200 345.6600 10 576 243.7600 255.1900 11 699 178.0300 480.9000 3 422 353.1400 -190.9200 2 421 363.5900 -66.8100 9 445 -353.2100 487.9100
-4.6853108430e-001 8.0081582339e-001 2.4877596242e+000
49 46 39
8 15 370 -174.5600 124.6600 16 554 -107.5700 124.3700 5 365 23.2200 329.2600 11 327 161.3300 425.9100 3 290 267.2000 -166.7800 6 622 -109.2000 331.7700 2 430 286.5400 -49.1000 9 289 -228.8900 442.9200
-4.6861164575e-001 8.0058352713e-001 2.4882323315e+000
49 46 39
9 15 371 -174.5600 124.6600 16 555 -107.5700 124.3700 5 366 23.2200 329.2600 11 326 161.3300 425.9100 3 291 267.2000 -166.7800 6 623 -109.2000 331.7700 2 431 286.5400 -49.1000 9 290 -228.8900 442.9200 12 559 147.6500 271.6799
-3.8540753015e-001 5.9372966112e-001 2.2920342813e+000
51 49 43
9 15 340 -127.6600 18.4900 16 531 -60.8300 37.5300 4 372 309.5400 -331.6200 5 510 -76.6000 288.7800 10 424 169.5601 294.9600 11 540 107.0601 511.2900 3 315 394.6400 -105.9100 6 617 -233.7900 294.8600 2 458 397.3300 -5.4200
-3.3892105006e-001 6.9468834316e-001 2.3501847986e+000
127 112 87
9 15 349 -110.8400 66.8800 16 536 -38.2900 75.4900 4 392 256.6000 -315.4200 5 495 -30.7900 276.9200 10 413 155.9399 245.8000 11 524 94.8700 472.6400 3 332 332.7400 -89.5400 6 594 -177.7800 281.2600 2 475 341.9800 5.2300
-3.0685251899e-001 9.1979815973e-001 2.5085785031e+000
127 110 92
9 15 573 -107.1000 174.7600 16 1150 -29.4100 159.0800 4 395 136.3000 -312.6200 5 494 73.3000 276.2000 10 375 158.5300 132.7100 11 473 101.2200 380.0500 3 494 197.3000 -90.0700 6 589 -51.6500 275.2400 2 478 223.4100 7.6700
-3.4310487294e-001 5.5467659319e-001 2.2469620860e+000
49 43 40
9 15 331 -106.3700 -2.7600 16 358 -37.4900 17.3100 4 408 331.8300 -309.7300 5 473 -95.6700 271.7000 10 433 147.5400 315.9100 11 356 85.3600 528.8101 3 335 418.4399 -81.0000 6 793 -256.8300 278.6700 2 480 416.0000 11.6300
-3.4310487294e-001 5.5467659319e-001 2.2469620860e+000
49 43 40
9 15 330 -106.3700 -2.7600 16 357 -37.4900 17.3100 4 409 331.8300 -309.7300 5 472 -95.6700 271.7000 10 432 147.5400 315.9100 11 355 85.3600 528.8101 3 336 418.4399 -81.0000 6 792 -256.8300 278.6700 2 481 416.0000 11.6300
-2.8594419730e-001 8.0168255929e-001 2.4080583634e+000
48 47 37
9 15 260 -91.8000 116.9400 16 550 -12.9200 114.1100 4 251 201.4000 -296.2800 5 327 17.2900 262.5100 10 268 139.5800 194.5000 11 330 80.0000 430.7700 3 345 268.4301 -70.2200 6 387 -119.6200 267.0500 2 487 285.3500 19.7000
-3.1231942977e-001 5.8853941626e-001 2.2528251888e+000
49 48 42
10 15 338 -92.4900 11.6500 16 365 -20.9800 33.7200 4 250 316.2500 -296.7700 5 656 -84.3200 260.4100 10 426 134.9399 301.1600 11 347 74.6200 515.0701 3 349 397.6000 -66.9000 6 782 -246.3000 266.8300 2 489 398.8500 21.6300 12 380 55.3900 322.9900
-2.9495611017e-001 6.9807058645e-001 2.3334711014e+000
131 114 94
9 15 348 -90.5400 66.8300 16 765 -14.7000 75.2700 4 422 257.2800 -294.3900 5 326 -30.9800 261.5500 10 415 135.8101 245.8700 11 526 75.5400 472.2100 3 350 330.7900 -67.4600 6 580 -179.6600 265.8400 2 490 339.7000 21.0600
-5.0237900723e-001 5.2871687386e-001 2.2921676641e+000
133 118 97
8 15 489 -178.7100 -10.0800 16 1094 -121.4600 15.7800 4 514 338.7300 -383.3000 5 531 -102.4700 327.3000 10 606 217.3500 323.1600 3 447 435.5300 -163.0700 6 816 -261.0200 335.2500 2 614 435.8400 -49.2000
-3.8501146691e-001 5.4668145875e-001 2.2577015163e+000
50 47 40
8 15 329 -125.4000 -5.6800 16 356 -59.8700 16.2700 5 506 -98.0800 286.4600 10 434 165.9700 318.5800 11 358 102.4100 531.2900 3 322 423.0400 -102.1700 6 811 -258.8200 293.7300 2 627 420.9200 -3.8300
-2.7881673124e-001 5.8873863030e-001 2.2394251415e+000
48 47 43
9 15 337 -77.4600 11.2500 16 364 -3.2000 33.0700 4 446 318.3700 -280.4301 5 446 -84.3900 249.0600 10 427 119.9200 302.0500 11 348 60.2800 515.4800 3 564 397.9700 -49.3800 6 768 -248.5000 255.0700 2 679 398.0100 34.5700
2.5721040086e-001 1.8568523888e+000 3.0061981228e+000
45 41 31
8 15 631 81.2300 557.6700 16 1215 172.8700 406.3201 4 461 -329.4200 -107.3900 5 287 498.1801 119.8800 10 325 -32.4400 -333.7500 11 261 -79.7100 -24.9700 2 694 -210.9200 154.1100 12 210 -52.2300 -63.5100
-3.6878909173e-001 6.5552952823e-001 2.3316790881e+000
124 109 89
8 15 689 -122.5100 48.6800 16 1111 -52.6100 62.4200 4 703 276.9800 -327.1100 5 726 -48.2900 285.5400 10 752 166.4000 264.4900 11 708 104.4700 487.0200 6 1087 -199.7700 290.9500 2 821 364.0601 -3.0100
-3.5859387499e-001 5.9644444344e-001 2.2827724644e+000
119 114 97
9 15 685 -115.1900 18.3800 16 1547 -45.8900 36.8400 4 719 309.4700 -319.0699 5 957 -76.5800 279.1100 10 761 157.5800 294.5800 11 925 94.8400 511.3700 3 674 392.5601 -92.3200 6 1083 -233.5400 285.9000 2 842 394.8800 3.3800
-3.5510406374e-001 6.2381358035e-001 2.3017185396e+000
47 44 38
9 15 501 -114.9400 32.2700 16 756 -45.4100 48.5500 4 548 294.8600 -318.7400 5 710 -63.9400 279.0300 10 591 158.0100 280.9200 11 535 96.0699 500.4500 3 487 376.1801 -92.3200 6 1079 -218.9400 284.7500 2 844 380.0601 3.7800
-3.1514739059e-001 8.3260325020e-001 2.4425599100e+000
53 53 45
9 15 557 -106.1200 133.0200 16 798 -29.8700 129.0400 4 566 183.9600 -311.2300 5 695 32.3000 274.6500 10 529 155.2700 177.3100 11 488 96.3800 416.3500 3 504 250.0300 -87.5100 6 1056 -102.2700 276.5800 2 855 270.1801 8.2800
-3.0856538328e-001 8.7568391579e-001 2.4762661122e+000
61 57 48
8 15 569 -105.4700 153.9500 16 802 -27.9500 142.3600 4 398 160.5601 -311.0601 10 516 156.0601 154.9500 11 481 97.5000 399.3700 3 505 223.7900 -87.8200 6 1052 -74.8300 275.7300 2 856 245.8400 8.1600
-3.0856538328e-001 8.7568391579e-001 2.4762661122e+000
61 57 48
8 15 568 -105.4700 153.9500 16 801 -27.9500 142.3600 4 399 160.5601 -311.0601 10 515 156.0601 154.9500 11 480 97.5000 399.3700 3 506 223.7900 -87.8200 6 1051 -74.8300 275.7300 2 857 245.8400 8.1600
-2.4902458982e-001 1.3311918864e+000 2.7968083333e+000
57 47 41
10 15 765 -99.4300 359.1000 16 1195 -11.5000 286.1400 4 574 -80.6200 -308.0699 5 699 261.4800 275.7200 10 470 162.9500 -77.3900 11 413 109.9800 202.5300 3 676 -44.6200 -91.1700 6 1034 175.7200 269.1400 2 860 11.7500 8.2500 12 501 124.8000 119.3600
-3.2468168146e-001 6.1083873195e-001 2.2793613592e+000
133 121 104
9 15 688 -100.2700 24.4700 16 1105 -27.9400 41.3900 4 582 303.4600 -303.9700 5 679 -71.1000 267.5300 10 760 143.0200 288.8101 11 719 81.8199 506.4299 3 698 383.6899 -75.5600 6 1049 -227.7200 273.9100 2 868 386.5500 15.4900
-2.9434083554e-001 5.7824062001e-001 2.2416507773e+000
137 124 105
9 15 682 -84.6300 6.9100 16 748 -11.1800 27.2600 4 741 322.9399 -287.7100 5 939 -87.7600 254.6100 10 764 126.7800 305.9500 11 930 65.9900 520.1400 3 710 403.1500 -57.5400 6 1019 -250.4500 261.4800 2 896 402.6300 29.0900
2.0961810618e-001 6.5006403406e-001 2.1158902577e+000
137 124 102
7 15 498 141.4500 28.6800 16 752 252.9800 36.3900 4 632 304.8600 -56.3500 10 594 -95.1900 285.0300 11 717 -140.8800 502.3700 3 757 354.4500 179.5100 2 1213 349.6200 193.7400
-1.5240668576e-001 6.9235487367e-001 2.2791831139e+000
63 58 47
6 15 905 -26.2800 60.7900 16 1570 58.0300 69.1900 5 913 -36.7700 208.9000 10 934 71.6100 252.1500 11 915 15.7300 477.0000 2 1549 339.0200 73.9700
-1.3763437806e-001 8.5309942945e-001 2.3740957123e+000
127 118 105
8 15 1921 -23.7400 135.1900 16 2269 62.5300 127.4700 4 1221 183.0100 -225.4000 10 1077 71.9100 174.8100 11 1475 17.1800 414.1899 6 1874 -100.8700 218.0300 2 2117 260.0200 65.3900 12 2172 10.1400 259.5800
3.3897698810e-001 9.2926361758e-001 2.2720038427e+000
139 125 112
6 15 77 180.9200 161.9000 16 96 291.2900 140.0200 4 75 157.5601 -10.2600 10 75 -137.4900 146.9500 11 88 -181.6700 389.3500 3 99 194.8101 218.1200
-3.1862556264e-001 1.0355361155e+000 2.5989134253e+000
43 43 35
7 15 191 -116.9600 228.3400 16 271 -34.4000 198.6300 4 100 74.5601 -324.9100 10 111 173.0500 74.1700 11 147 114.8101 331.1100 3 126 129.1500 -105.4200 12 160 112.6300 207.5200
-3.5685768512e-001 6.4084186508e-001 2.3170884044e+000
50 46 43
7 15 172 -116.8300 40.9000 16 262 -45.7000 55.2200 4 157 285.1200 -321.5000 10 185 160.7000 272.1500 11 237 98.0900 493.3900 3 130 365.6200 -96.6600 12 259 79.9399 310.1000
-2.5848810740e-001 1.1999358729e+000 2.6985315738e+000
129 114 91
7 15 195 -97.3500 300.9299 16 398 -12.9800 247.8400 4 101 -10.4400 -304.6600 5 130 200.7700 272.6700 10 109 156.7100 -8.4500 11 143 102.2000 261.9600 3 132 33.4800 -85.3500
-3.0274684143e-001 5.4021644240e-001 2.2182730703e+000
127 111 88
8 15 236 -84.8700 -12.0700 16 524 -10.8200 11.0700 4 255 343.1400 -288.4500 5 197 -105.1900 256.3300 10 189 130.3300 324.5500 11 361 64.5200 534.6899 3 139 425.6100 -64.3700 6 245 -271.3500 266.1200
-1.9313443683e-001 7.6766511054e-001 2.3427218181e+000
46 47 39
7 15 178 -47.7500 97.2900 16 196 34.4399 98.3600 4 177 225.3300 -250.2400 5 188 -1.9500 226.9100 10 180 94.5000 215.4500 3 146 290.9100 -19.9900 6 354 -146.5900 228.6600
-1.6661352476e-001 6.8845842551e-001 2.2809192160e+000
37 29 19
7 15 118 -33.1600 58.4900 16 193 50.3101 67.2500 4 112 267.5200 -235.1000 5 120 -38.6700 214.6000 10 131 78.4700 254.3400 11 160 21.8300 478.6300 3 153 335.1899 -2.7500
-2.9643648180e-001 5.4020507780e-001 2.2176050314e+000
127 111 88
8 15 237 -84.8700 -12.0700 16 525 -10.8200 11.0700 4 254 343.1400 -288.4500 5 318 -105.1300 254.8300 10 298 126.4900 324.8900 11 360 64.5200 534.6899 3 236 426.1400 -57.6300 12 590 43.0601 335.6500
-2.5640432425e-001 6.8075725762e-001 2.3091946458e+000
46 42 38
8 15 251 -73.2900 57.4400 16 375 3.8500 67.4100 4 276 267.5699 -276.5000 5 304 -39.5300 246.6800 10 283 118.1801 255.4300 11 341 59.3500 480.0500 3 244 340.3800 -47.3300 12 373 44.2000 302.8800
-2.6987270996e-001 6.2945248331e-001 2.2738787676e+000
47 42 36
6 15 245 -76.7900 33.4200 16 367 -1.3400 47.5600 4 270 295.2700 -279.8900 10 422 120.3900 281.2300 11 345 60.9000 500.4299 3 369 372.8101 -49.6500
-3.1385195807e-001 8.1711698206e-001 2.4319792530e+000
133 117 96
5 15 555 -105.7700 125.6800 16 1138 -29.2900 122.2800 4 405 192.0400 -310.5000 5 478 25.2400 273.4000 3 512 259.5100 -86.4200
3.6017616235e-001 1.8709865078e+000 2.9827305954e+000
60 56 47
7 15 633 120.8900 560.1600 16 1213 211.4600 405.5800 4 468 -333.3100 -62.0700 5 283 506.3900 82.9200 10 323 -78.3700 -339.2700 11 259 -125.6700 -30.0700 12 209 -103.2200 -68.5500
-3.5187744903e-001 6.9421184998e-001 2.3569665128e+000
128 116 93
5 15 700 -117.5900 67.5400 16 1581 -45.8800 76.9900 10 746 162.2400 245.2100 11 911 100.5200 471.7400 3 670 332.8101 -97.7100
-2.6290488041e-001 1.2195480035e+000 2.7143428979e+000
47 44 39
9 15 742 -100.1300 310.7700 16 1179 -14.3400 255.8700 4 579 -21.4100 -307.9301 5 694 210.4800 274.9800 10 477 160.4399 -18.9800 11 426 106.0200 252.3100 3 678 21.4200 -89.4100 6 1044 112.6700 270.4200 12 521 114.6500 154.0000
2.5757769501e-001 9.2639811796e-001 2.3014019896e+000
135 120 101
7 15 715 143.3600 162.1100 16 1145 249.9200 143.6300 4 637 156.5500 -49.5300 10 511 -98.9600 145.9900 11 676 -145.1000 389.5200 3 760 197.1801 180.6700 6 745 -73.8800 52.0300
3.1228498226e-001 7.7838904443e-001 2.1705195861e+000
139 122 105
7 15 532 179.6200 89.1500 16 771 294.0400 84.5100 4 640 238.8199 -14.3800 5 610 -8.2600 34.1600 10 558 -134.6000 223.0500 11 690 -178.4200 451.9600 3 768 280.3500 217.2900
-4.6687887620e-001 8.2536099332e-001 2.5003907740e+000
137 125 104
7 15 934 -173.8300 135.4400 16 2281 -104.8900 132.2900 5 992 32.9700 328.3000 10 891 224.3400 175.6900 11 890 161.6801 416.5400 3 838 253.7200 -165.5700 12 1379 147.7600 265.5100
2.3930160561e-001 9.5154205080e-001 2.3260398256e+000
54 43 33
8 15 971 133.4700 174.5700 16 1627 237.8500 152.5800 4 782 142.4399 -59.2400 5 884 77.6700 73.1900 10 716 -89.0800 132.9000 11 854 -135.8200 378.6300 3 949 182.9399 170.3200 6 972 -57.6400 60.7800
-1.5854687502e-001 7.0168097237e-001 2.2859696892e+000
137 127 115
6 15 1275 -29.9300 64.6700 16 3322 53.5900 72.4400 4 901 261.3900 -231.9700 10 1157 75.3900 248.1900 11 1538 19.3000 474.0701 3 1126 327.7700 1.0200
3.3404134215e-001 8.1335961929e-001 2.1882820641e+000
142 130 116
6 15 1314 187.2500 105.7000 16 3366 302.4600 98.0300 4 1339 221.0400 -5.9500 10 1125 -142.7200 206.0900 11 1518 -186.2300 438.2300 3 1537 260.8700 223.9000
-5.2335428644e-001 4.6508586617e-001 2.2514922492e+000
126 113 97
5 15 35 -186.4200 -43.1700 16 69 -133.1400 -8.7400 4 32 373.6100 -389.9000 5 53 -132.9600 332.7200 10 43 222.2800 354.4700
-6.0315929874e-001 5.5761295307e-001 2.1524446154e+000
126 111 91
2 15 47 -213.4800 -17.3600 16 92 -158.7200 53.7900
-4.7021752976e-001 7.4635173465e-001 2.6454593998e+000
62 52 40
2 15 51 -186.3900 118.4200 16 70 -122.5300 78.9700
7.1049739165e-001 -3.7602993819e-001 2.4861486554e+000
72 91 106
2 15 149 235.0900 -283.9399 16 159 371.5900 -506.6300
7.1153168103e-001 -3.7642410730e-001 2.4883296645e+000
72 91 106
3 15 150 235.0900 -283.9399 16 160 371.5900 -506.6300 17 148 380.9301 -323.9500
-3.6312979276e-001 5.5689642871e-001 2.2610457298e+000
130 114 91
6 15 242 -115.9300 -0.0400 16 359 -48.5500 20.6700 4 234 329.4100 -319.4500 10 295 157.0000 313.8201 11 351 93.9399 528.8600 6 605 -253.7600 286.3500
-2.6934097215e-001 7.3818250396e-001 2.3575006546e+000
128 111 90
5 15 357 -81.5400 86.8700 16 539 -5.3500 90.9000 4 265 235.7400 -284.4000 10 280 127.0900 225.7400 11 336 69.5100 455.6700
5.3561063356e-002 1.5467154097e+000 2.8456335761e+000
130 115 94
6 15 428 16.5200 439.4299 16 846 107.3101 335.0300 4 295 -179.1100 -179.7500 5 294 356.6700 176.7700 10 214 38.2300 -178.8500 12 221 12.3900 48.2200
2.4642537216e-001 8.8609993641e-001 2.2719266384e+000
134 118 95
5 15 376 141.4000 142.9500 16 556 249.5699 127.5400 4 311 178.4000 -52.5800 10 385 -95.9500 166.7500 11 323 -143.5200 407.1700
7.7919319912e-001 -3.9210550687e-001 2.4472070855e+000
192 210 222
2 15 205 262.4600 -293.3300 16 227 409.6801 -519.6600
-5.1913301599e-001 6.3494486445e-001 2.3760046036e+000
45 42 35
6 15 347 -191.3400 43.9000 16 1110 -129.9200 61.0400 4 344 280.7800 -398.6000 10 418 234.3900 270.0800 11 532 167.2100 492.5601 12 1414 142.0699 312.5000
-3.8450661659e-001 5.9321188395e-001 2.2945836087e+000
51 49 43
6 15 339 -127.6600 18.4900 16 530 -60.8300 37.5300 4 371 309.5400 -331.6200 5 511 -76.6000 288.7800 10 425 169.5601 294.9600 11 541 107.0601 511.2900
-3.5462266056e-001 4.5456194744e-001 2.1788515687e+000
48 46 40
6 15 316 -107.4900 -54.0700 16 345 -41.6000 -22.5100 4 402 387.7900 -310.4000 5 474 -144.1300 271.9700 10 447 145.8500 365.5100 11 377 82.5500 566.1500
7.4473181917e-001 -3.5772941892e-001 2.4868725366e+000
190 208 222
3 15 301 247.7000 -277.5800 16 438 387.0601 -499.0400 17 451 397.4600 -316.0200
8.7741427275e-001 1.0400032453e-001 2.7213131499e+000
176 185 194
4 15 311 274.6899 -89.3800 16 322 403.0601 -291.0200 10 391 -243.6100 187.9600 17 320 410.6500 -108.1100
6.9201532408e-001 -4.0675219220e-001 2.4774679902e+000
181 199 213
3 15 445 228.6500 -296.1100 16 431 364.3900 -521.1400 17 449 373.4399 -338.8500
7.4320282485e-001 -4.3928934599e-001 2.4383693394e+000
114 133 147
3 15 441 249.9800 -311.8000 16 427 394.5200 -541.6801 17 444 408.0800 -359.6200
7.6399589384e-001 -4.2529932157e-001 2.4367242045e+000
191 209 223
3 15 443 257.2900 -306.6400 16 306 404.3400 -535.7400 17 295 419.2400 -354.5601
8.8970724593e-001 1.9925958494e-002 2.6912336542e+000
178 188 200
3 15 471 279.9500 -123.1200 16 468 412.0500 -325.3700 10 551 -246.3200 220.7300
9.1450810923e-001 1.1067891842e-001 2.7117084240e+000
183 192 202
3 15 479 288.5000 -88.1700 16 487 419.6400 -288.1700 10 530 -256.9400 187.8700
9.1680589347e-001 8.3122651768e-002 2.6717752168e+000
191 201 211
5 15 476 294.0100 -101.8500 16 484 427.9000 -301.8101 10 535 -261.0500 201.5500 7 573 -245.3000 -394.4100 8 866 -372.1300 -323.0200
9.6432959714e-001 1.1488275419e-001 2.6981991786e+000
188 196 207
4 15 480 308.1200 -87.9300 16 488 444.0000 -287.6400 10 531 -276.0500 189.2200 17 327 456.4399 -102.7300
1.0099598636e+000 -1.6961379077e-001 2.4710419431e+000
186 200 209
2 15 461 344.3101 -211.9700 16 445 506.4900 -421.2400
-5.4683310655e-001 5.7154192950e-001 2.3387972799e+000
133 119 102
6 15 882 -201.1000 12.5700 16 1545 -146.4400 35.5500 4 681 314.3101 -406.2000 5 1000 -81.6900 344.9399 10 956 240.9301 301.2200 11 1186 173.4100 517.2500
-5.4671346554e-001 5.7255307789e-001 2.3353510330e+000
133 119 102
8 15 881 -201.1000 12.5700 16 1544 -146.4400 35.5500 4 682 314.3101 -406.2000 5 1001 -81.6900 344.9399 10 957 240.9301 301.2200 11 1187 173.4100 517.2500 7 953 -246.9200 90.9500 9 976 -436.9800 485.7500
-4.9863614999e-001 7.7032262315e-001 2.4657994148e+000
46 43 36
5 15 927 -185.6200 109.4100 16 1595 -119.9700 112.8000 4 685 209.2600 -393.8600 10 910 233.7100 203.0400 11 900 169.5800 439.1500
-5.2746681079e-001 4.3609896486e-001 2.2374372619e+000
126 115 96
4 15 675 -187.8800 -56.3800 16 1512 -137.2300 -22.8400 4 688 387.6300 -390.2900 10 777 222.6801 367.9600
-3.5830820137e-001 5.9609806840e-001 2.2844831037e+000
119 114 97
7 15 684 -115.1900 18.3800 16 1546 -45.8900 36.8400 4 718 309.4700 -319.0699 5 958 -76.5800 279.1100 10 762 157.5800 294.5800 11 926 94.8400 511.3700 6 1084 -233.5400 285.9000
9.7711005097e-002 1.5873928652e+000 2.8603512362e+000
132 120 106
7 15 1025 32.8101 454.6799 16 3588 124.1000 343.8800 4 771 -197.4000 -162.3900 5 897 375.1400 162.6600 10 658 21.1100 -197.7000 11 808 -26.8100 95.9900 6 977 314.5900 147.3400
6.7886787778e-001 -3.8895638774e-001 2.4922060309e+000
176 194 209
3 15 642 223.2300 -287.9700 16 621 356.5100 -511.3700 17 655 363.0200 -329.0100
6.7886787778e-001 -3.8895638774e-001 2.4922060309e+000
176 194 209
3 15 643 223.2300 -287.9700 16 622 356.5100 -511.3700 17 656 363.0200 -329.0100
7.4908050200e-001 -3.9869457192e-001 2.4608238683e+000
189 208 222
3 15 446 250.1400 -294.8800 16 433 393.1801 -520.3900 17 448 406.3400 -337.9900
-3.0365711609e-001 5.7165525633e-001 2.2481516724e+000
124 113 90
6 15 880 -89.4600 5.2800 16 1537 -17.0100 25.4400 4 882 324.4700 -292.5601 5 943 -89.5700 259.0300 10 765 132.3101 308.7700 11 1192 70.6400 521.7100
-1.7917310435e-001 5.6086112435e-001 2.1941230092e+000
131 123 110
4 15 878 -31.8000 -4.3200 16 2145 50.4600 15.7200 4 894 336.2300 -233.9800 10 1223 74.9700 317.3000
-1.6201359476e-001 6.0603233627e-001 2.2186445823e+000
42 35 27
5 15 883 -26.0900 17.8900 16 2174 58.1400 34.2700 4 902 312.4900 -228.4100 5 1278 -77.8000 208.4200 11 1184 13.3100 511.4600
-1.6190589650e-001 6.0612659192e-001 2.2188104747e+000
42 35 27
4 15 884 -26.0900 17.8900 16 2175 58.1400 34.2700 4 903 312.4900 -228.4100 11 1183 13.3100 511.4600
-9.1070720431e-002 9.7173501809e-001 2.4652214280e+000
46 45 39
4 15 577 -14.8900 192.0800 16 1154 74.3400 169.5100 4 907 116.7800 -214.1500 5 635 93.0100 200.9200
2.8037865761e-001 5.7924708601e-001 2.0274290754e+000
136 123 107
6 15 877 180.8300 -10.3100 16 2132 302.6899 3.7000 4 968 348.2400 -17.5200 5 1193 -106.8600 35.2800 10 1224 -133.8000 324.0300 11 1193 -176.6800 532.0900
3.1058662343e-001 7.9774742233e-001 2.1797260106e+000
138 125 108
5 15 914 177.7500 97.6100 16 2221 291.0699 92.2300 4 973 229.6899 -16.2200 10 924 -132.6800 214.3400 11 1132 -176.8300 444.8800
3.3697263420e-001 8.8668062948e-001 2.2341462003e+000
66 53 37
4 15 938 183.5500 138.9700 16 2259 295.5200 124.0600 4 986 183.7100 -8.4000 5 1169 42.1899 29.6800
6.3741720357e-001 -4.5982213629e-001 2.4633884543e+000
183 203 217
3 15 801 210.1200 -316.8101 16 866 342.0601 -546.2000 17 981 347.3700 -365.5200
7.4374587074e-001 -4.2377942677e-001 2.4469948239e+000
184 206 220
3 15 807 249.1300 -305.4200 16 869 393.4800 -533.3900 17 984 406.4900 -351.4600
9.0897178815e-001 4.0264321363e-002 2.6766778958e+000
180 190 202
